# Voxel Export Data
# Format: x y z blockId metaData
9 16 6 159 0
9 17 6 159 0
8 16 6 159 0
8 17 6 159 0
7 17 6 159 0
4 16 6 159 0
3 16 6 159 0
10 16 6 159 0
11 16 6 159 0
5 16 6 159 0
10 17 6 159 0
5 17 6 159 0
7 16 6 159 0
6 16 6 159 0
6 17 6 159 0
9 16 5 159 0
3 16 5 159 0
6 16 5 159 0
6 17 5 159 0
7 16 5 159 0
7 17 5 159 0
5 16 5 159 0
5 17 5 159 0
8 17 5 159 0
8 16 5 159 0
9 17 5 159 0
4 16 5 159 0
10 16 5 159 0
10 17 5 159 0
11 16 5 159 0
29 4 17 159 0
29 4 18 159 0
29 3 17 159 0
29 3 18 159 0
29 5 17 159 0
29 5 18 159 0
28 19 17 159 0
28 19 18 159 0
29 19 17 159 0
29 19 18 159 0
28 10 17 159 0
28 10 18 159 0
29 10 17 159 0
29 10 18 159 0
28 17 17 159 0
28 17 18 159 0
29 17 17 159 0
29 17 18 159 0
29 2 17 159 0
29 2 18 159 0
29 9 17 159 0
29 9 18 159 0
29 8 17 159 0
29 8 18 159 0
29 6 17 159 0
29 6 18 159 0
29 7 17 159 0
29 7 18 159 0
27 10 17 159 0
27 10 18 159 0
26 10 17 159 0
26 10 18 159 0
26 17 17 159 0
26 17 18 159 0
27 17 17 159 0
27 17 18 159 0
26 19 17 159 0
26 19 18 159 0
27 19 17 159 0
27 19 18 159 0
29 13 17 159 0
29 13 18 159 0
29 12 17 159 0
29 12 18 159 0
29 14 17 159 0
29 14 18 159 0
29 15 17 159 0
29 15 18 159 0
29 11 17 159 0
29 11 18 159 0
29 16 17 159 0
29 16 18 159 0
29 1 17 159 0
29 1 18 159 0
19 16 17 159 0
19 16 18 159 0
19 15 17 159 0
19 15 18 159 0
19 10 17 159 0
19 10 18 159 0
19 17 17 159 0
19 17 18 159 0
19 19 17 159 0
19 19 18 159 0
19 13 17 159 0
19 13 18 159 0
19 14 17 159 0
19 14 18 159 0
19 12 17 159 0
19 12 18 159 0
20 10 17 159 0
20 10 18 159 0
20 17 17 159 0
20 17 18 159 0
20 19 17 159 0
20 19 18 159 0
21 10 17 159 0
21 10 18 159 0
19 6 17 159 0
19 6 18 159 0
19 5 17 159 0
19 5 18 159 0
19 7 17 159 0
19 7 18 159 0
19 3 17 159 0
19 3 18 159 0
19 2 17 159 0
19 2 18 159 0
19 4 17 159 0
19 4 18 159 0
19 11 17 159 0
19 11 18 159 0
19 8 17 159 0
19 8 18 159 0
19 9 17 159 0
19 9 18 159 0
24 17 17 159 0
24 17 18 159 0
24 10 17 159 0
24 10 18 159 0
24 19 17 159 0
24 19 18 159 0
23 17 17 159 0
23 17 18 159 0
23 19 17 159 0
23 19 18 159 0
23 10 17 159 0
23 10 18 159 0
25 10 17 159 0
25 10 18 159 0
25 17 17 159 0
25 17 18 159 0
25 19 17 159 0
25 19 18 159 0
21 19 17 159 0
21 19 18 159 0
21 17 17 159 0
21 17 18 159 0
22 19 17 159 0
22 19 18 159 0
22 10 17 159 0
22 10 18 159 0
22 17 17 159 0
22 17 18 159 0
4 17 18 159 0
4 19 18 159 0
5 17 18 159 0
5 19 18 159 0
3 19 18 159 0
3 17 18 159 0
2 19 18 159 0
2 17 18 159 0
7 17 18 159 0
6 19 18 159 0
6 17 18 159 0
7 19 18 159 0
2 11 18 159 0
2 12 18 159 0
2 10 18 159 0
2 13 18 159 0
2 9 18 159 0
2 8 18 159 0
2 16 18 159 0
2 14 18 159 0
2 15 18 159 0
11 13 18 159 0
11 12 18 159 0
11 14 18 159 0
11 15 18 159 0
11 10 18 159 0
11 11 18 159 0
11 9 18 159 0
11 2 18 159 0
11 3 18 159 0
11 4 18 159 0
11 1 18 159 0
11 16 18 159 0
11 17 18 159 0
11 19 18 159 0
9 19 18 159 0
9 17 18 159 0
10 19 18 159 0
10 17 18 159 0
8 19 18 159 0
8 17 18 159 0
11 8 18 159 0
11 7 18 159 0
11 6 18 159 0
0 2 18 159 0
0 19 18 159 0
0 1 18 159 0
1 1 18 159 0
0 3 18 159 0
0 4 18 159 0
31 19 17 159 0
31 19 18 159 0
31 10 17 159 0
31 10 18 159 0
31 17 17 159 0
31 17 18 159 0
0 7 18 159 0
0 8 18 159 0
0 6 18 159 0
0 9 18 159 0
0 5 18 159 0
30 10 17 159 0
30 10 18 159 0
30 17 17 159 0
30 17 18 159 0
30 19 17 159 0
30 19 18 159 0
30 18 17 159 0
30 18 18 159 0
31 18 17 159 0
31 18 18 159 0
1 17 18 159 0
1 19 18 159 0
2 1 18 159 0
1 18 18 159 0
2 2 18 159 0
2 3 18 159 0
2 6 18 159 0
2 5 18 159 0
2 7 18 159 0
2 4 18 159 0
0 12 18 159 0
0 13 18 159 0
0 11 18 159 0
0 14 18 159 0
0 10 18 159 0
0 17 18 159 0
0 15 18 159 0
0 16 18 159 0
13 19 17 159 0
13 19 18 159 0
13 16 17 159 0
13 16 18 159 0
13 17 17 159 0
13 17 18 159 0
13 11 17 159 0
13 12 17 159 0
13 14 17 159 0
13 14 18 159 0
13 15 17 159 0
13 15 18 159 0
13 13 17 159 0
13 12 18 159 0
13 13 18 159 0
13 8 17 159 0
13 8 18 159 0
13 9 17 159 0
13 9 18 159 0
13 10 17 159 0
13 10 18 159 0
12 19 17 159 0
12 19 18 159 0
12 17 17 159 0
12 17 18 159 0
13 11 18 159 0
14 15 17 159 0
14 15 18 159 0
14 17 17 159 0
14 17 18 159 0
14 19 17 159 0
14 19 18 159 0
14 16 17 159 0
14 16 18 159 0
14 11 17 159 0
14 12 17 159 0
15 11 17 159 0
14 14 17 159 0
14 14 18 159 0
11 8 17 159 0
11 9 17 159 0
11 10 17 159 0
11 7 17 159 0
11 19 17 159 0
11 17 17 159 0
10 19 17 159 0
10 17 17 159 0
11 6 17 159 0
11 14 17 159 0
11 13 17 159 0
11 15 17 159 0
11 11 17 159 0
11 12 17 159 0
7 17 17 159 0
7 19 17 159 0
8 17 17 159 0
8 19 17 159 0
6 19 17 159 0
6 17 17 159 0
5 19 17 159 0
5 17 17 159 0
9 19 17 159 0
9 17 17 159 0
12 6 17 159 0
12 6 18 159 0
12 5 17 159 0
12 5 18 159 0
12 7 17 159 0
12 7 18 159 0
12 8 17 159 0
12 8 18 159 0
12 3 17 159 0
12 3 18 159 0
12 4 17 159 0
12 4 18 159 0
12 2 17 159 0
12 2 18 159 0
12 11 17 159 0
12 11 18 159 0
12 10 17 159 0
12 10 18 159 0
12 9 17 159 0
12 9 18 159 0
11 3 17 159 0
11 4 17 159 0
11 2 17 159 0
11 5 17 159 0
11 5 18 159 0
11 16 17 159 0
11 1 17 159 0
12 1 17 159 0
12 1 18 159 0
17 13 17 159 0
17 13 18 159 0
17 5 17 159 0
17 5 18 159 0
17 6 17 159 0
17 6 18 159 0
17 12 17 159 0
17 12 18 159 0
17 19 17 159 0
17 19 18 159 0
17 14 17 159 0
17 14 18 159 0
18 14 17 159 0
18 14 18 159 0
18 13 17 159 0
18 13 18 159 0
18 12 17 159 0
18 12 18 159 0
18 7 17 159 0
18 7 18 159 0
18 6 17 159 0
18 6 18 159 0
18 19 17 159 0
18 19 18 159 0
17 15 17 159 0
17 15 18 159 0
17 16 17 159 0
17 16 18 159 0
17 7 17 159 0
17 7 18 159 0
17 9 17 159 0
17 9 18 159 0
17 8 17 159 0
17 8 18 159 0
17 11 17 159 0
17 11 18 159 0
17 10 17 159 0
17 10 18 159 0
18 3 17 159 0
18 3 18 159 0
18 4 17 159 0
18 4 18 159 0
18 2 17 159 0
18 2 18 159 0
18 5 17 159 0
18 5 18 159 0
18 1 17 159 0
18 1 18 159 0
19 1 17 159 0
19 1 18 159 0
18 8 17 159 0
18 8 18 159 0
18 10 17 159 0
18 10 18 159 0
16 11 17 159 0
16 15 17 159 0
15 16 17 159 0
15 15 17 159 0
15 17 17 159 0
15 17 18 159 0
15 19 17 159 0
15 19 18 159 0
16 16 17 159 0
16 16 18 159 0
15 16 18 159 0
16 17 17 159 0
16 17 18 159 0
16 19 17 159 0
16 19 18 159 0
16 10 17 159 0
15 15 18 159 0
16 15 18 159 0
16 12 17 159 0
15 14 17 159 0
15 14 18 159 0
15 12 17 159 0
17 17 17 159 0
17 17 18 159 0
18 15 18 159 0
18 9 18 159 0
0 4 17 159 0
0 5 17 159 0
0 3 17 159 0
0 6 17 159 0
0 2 17 159 0
0 1 17 159 0
1 1 17 159 0
0 19 17 159 0
0 10 17 159 0
0 9 17 159 0
0 11 17 159 0
0 7 17 159 0
0 8 17 159 0
2 3 17 159 0
2 2 17 159 0
2 4 17 159 0
1 18 17 159 0
1 19 17 159 0
1 17 17 159 0
2 1 17 159 0
2 19 17 159 0
2 8 17 159 0
2 7 17 159 0
2 9 17 159 0
2 5 17 159 0
2 6 17 159 0
0 15 17 159 0
0 14 17 159 0
0 16 17 159 0
0 12 17 159 0
0 13 17 159 0
0 17 17 159 0
4 19 17 159 0
4 17 17 159 0
3 19 17 159 0
3 17 17 159 0
2 17 17 159 0
2 11 17 159 0
2 10 17 159 0
2 12 17 159 0
2 13 17 159 0
2 16 17 159 0
2 15 17 159 0
2 14 17 159 0
15 13 17 159 0
14 13 17 159 0
16 14 17 159 0
15 10 17 159 0
12 18 17 159 0
18 16 18 159 0
18 11 18 159 0
12 18 18 159 0
13 18 18 159 0
18 9 17 159 0
29 7 19 159 0
29 6 19 159 0
29 8 19 159 0
29 9 19 159 0
29 4 19 159 0
29 5 19 159 0
29 3 19 159 0
29 12 19 159 0
29 13 19 159 0
29 11 19 159 0
29 14 19 159 0
29 10 19 159 0
29 15 19 159 0
29 2 19 159 0
29 16 19 159 0
29 17 19 159 0
29 19 19 159 0
29 1 19 159 0
0 19 19 159 0
31 10 19 159 0
0 1 19 159 0
1 1 19 159 0
0 2 19 159 0
0 3 19 159 0
30 19 19 159 0
31 19 19 159 0
30 17 19 159 0
31 17 19 159 0
30 18 19 159 0
31 18 19 159 0
30 10 19 159 0
0 6 19 159 0
0 7 19 159 0
0 5 19 159 0
0 8 19 159 0
0 4 19 159 0
24 10 19 159 0
24 17 19 159 0
24 19 19 159 0
23 10 19 159 0
23 17 19 159 0
23 19 19 159 0
25 10 19 159 0
25 17 19 159 0
25 19 19 159 0
26 10 19 159 0
21 17 19 159 0
21 19 19 159 0
21 10 19 159 0
22 17 19 159 0
22 10 19 159 0
22 19 19 159 0
20 17 19 159 0
20 19 19 159 0
20 10 19 159 0
28 17 19 159 0
28 19 19 159 0
28 10 19 159 0
26 19 19 159 0
26 17 19 159 0
27 10 19 159 0
27 19 19 159 0
27 17 19 159 0
11 14 19 159 0
11 13 19 159 0
11 15 19 159 0
11 11 19 159 0
11 10 19 159 0
11 12 19 159 0
11 3 19 159 0
11 4 19 159 0
11 2 19 159 0
11 5 19 159 0
11 16 19 159 0
11 17 19 159 0
11 19 19 159 0
11 1 19 159 0
9 17 19 159 0
9 19 19 159 0
8 17 19 159 0
8 19 19 159 0
10 17 19 159 0
10 19 19 159 0
7 19 19 159 0
7 17 19 159 0
11 8 19 159 0
11 9 19 159 0
12 10 19 159 0
12 9 19 159 0
12 11 19 159 0
12 7 19 159 0
12 6 19 159 0
12 8 19 159 0
12 15 19 159 0
12 14 19 159 0
12 16 19 159 0
12 12 19 159 0
12 17 19 159 0
12 19 19 159 0
12 13 19 159 0
12 1 19 159 0
11 7 19 159 0
11 6 19 159 0
12 4 19 159 0
12 5 19 159 0
12 3 19 159 0
12 2 19 159 0
1 17 19 159 0
1 18 19 159 0
1 19 19 159 0
2 1 19 159 0
2 2 19 159 0
2 19 19 159 0
2 5 19 159 0
2 6 19 159 0
2 4 19 159 0
2 7 19 159 0
2 3 19 159 0
0 12 19 159 0
0 11 19 159 0
0 13 19 159 0
0 9 19 159 0
0 10 19 159 0
0 16 19 159 0
0 17 19 159 0
0 14 19 159 0
0 15 19 159 0
4 17 19 159 0
3 19 19 159 0
3 17 19 159 0
4 19 19 159 0
2 17 19 159 0
6 19 19 159 0
6 17 19 159 0
5 17 19 159 0
5 19 19 159 0
2 11 19 159 0
2 10 19 159 0
2 12 19 159 0
2 8 19 159 0
2 9 19 159 0
2 16 19 159 0
2 15 19 159 0
2 13 19 159 0
2 14 19 159 0
13 17 19 159 0
12 18 19 159 0
13 18 19 159 0
13 19 19 159 0
18 15 19 159 0
18 16 19 159 0
18 12 19 159 0
18 19 19 159 0
18 1 19 159 0
19 19 19 159 0
19 15 19 159 0
19 16 19 159 0
19 1 19 159 0
19 12 19 159 0
19 13 19 159 0
19 14 19 159 0
18 9 19 159 0
18 7 19 159 0
18 6 19 159 0
18 11 19 159 0
18 10 19 159 0
18 4 19 159 0
18 3 19 159 0
18 5 19 159 0
19 17 19 159 0
19 10 19 159 0
19 5 19 159 0
19 4 19 159 0
19 6 19 159 0
19 7 19 159 0
19 2 19 159 0
19 3 19 159 0
19 11 19 159 0
19 9 19 159 0
19 8 19 159 0
16 17 19 159 0
16 19 19 159 0
17 17 19 159 0
15 17 19 159 0
15 19 19 159 0
17 8 19 159 0
17 19 19 159 0
17 9 19 159 0
17 7 19 159 0
14 17 19 159 0
14 19 19 159 0
18 8 19 159 0
18 17 19 159 0
17 10 19 159 0
17 11 19 159 0
18 2 19 159 0
17 16 19 159 0
1 16 19 159 0
18 13 19 159 0
13 16 19 159 0
12 16 18 159 0
18 17 18 159 0
14 18 19 159 0
16 18 19 159 0
13 12 19 159 0
13 11 19 159 0
17 18 19 159 0
18 18 19 159 0
15 18 19 159 0
14 12 18 159 0
12 12 18 159 0
12 14 18 159 0
12 15 18 159 0
12 13 18 159 0
11 19 15 159 0
10 19 15 159 0
11 17 15 159 0
10 17 15 159 0
11 5 15 159 0
11 6 15 159 0
9 17 15 159 0
9 19 15 159 0
11 9 15 159 0
11 10 15 159 0
11 8 15 159 0
11 11 15 159 0
11 7 15 159 0
5 19 15 159 0
6 19 15 159 0
5 17 15 159 0
6 17 15 159 0
4 19 15 159 0
4 17 15 159 0
8 17 15 159 0
8 19 15 159 0
7 19 15 159 0
7 17 15 159 0
12 3 15 159 0
12 2 15 159 0
12 4 15 159 0
12 5 15 159 0
12 19 15 159 0
12 1 15 159 0
11 1 15 159 0
12 8 15 159 0
12 7 15 159 0
12 9 15 159 0
12 10 15 159 0
12 6 15 159 0
11 14 15 159 0
11 15 15 159 0
11 16 15 159 0
11 12 15 159 0
11 13 15 159 0
11 4 15 159 0
11 3 15 159 0
11 2 15 159 0
0 16 15 159 0
0 17 15 159 0
0 15 15 159 0
1 17 15 159 0
1 18 15 159 0
1 19 15 159 0
1 1 15 159 0
0 19 15 159 0
0 14 15 159 0
0 13 15 159 0
0 6 15 159 0
0 5 15 159 0
0 7 15 159 0
0 8 15 159 0
0 3 15 159 0
0 4 15 159 0
0 11 15 159 0
0 12 15 159 0
0 10 15 159 0
0 9 15 159 0
2 14 15 159 0
2 15 15 159 0
2 13 15 159 0
2 16 15 159 0
2 12 15 159 0
2 11 15 159 0
3 17 15 159 0
3 19 15 159 0
2 19 15 159 0
2 17 15 159 0
2 4 15 159 0
2 3 15 159 0
2 5 15 159 0
2 6 15 159 0
2 1 15 159 0
2 2 15 159 0
2 9 15 159 0
2 8 15 159 0
2 10 15 159 0
2 7 15 159 0
12 17 15 159 0
18 3 15 159 0
18 2 15 159 0
18 4 15 159 0
18 6 15 159 0
18 5 15 159 0
18 19 15 159 0
17 19 15 159 0
18 1 15 159 0
19 19 15 159 0
19 1 15 159 0
19 2 15 159 0
19 3 15 159 0
17 10 15 159 0
17 13 15 159 0
17 7 15 159 0
17 12 15 159 0
17 8 15 159 0
17 9 15 159 0
16 19 15 159 0
16 12 15 159 0
16 13 15 159 0
17 6 15 159 0
17 5 15 159 0
19 17 15 159 0
19 16 15 159 0
19 10 15 159 0
19 14 15 159 0
19 15 15 159 0
19 13 15 159 0
20 10 15 159 0
20 17 15 159 0
20 19 15 159 0
21 10 15 159 0
21 19 15 159 0
21 17 15 159 0
19 6 15 159 0
19 7 15 159 0
19 5 15 159 0
19 8 15 159 0
19 4 15 159 0
19 12 15 159 0
19 11 15 159 0
19 9 15 159 0
16 10 15 159 0
16 11 15 159 0
14 12 15 159 0
14 13 15 159 0
14 11 15 159 0
14 19 15 159 0
13 11 15 159 0
13 19 15 159 0
14 10 15 159 0
13 9 15 159 0
13 10 15 159 0
13 8 15 159 0
12 11 15 159 0
15 12 15 159 0
15 13 15 159 0
15 10 15 159 0
15 19 15 159 0
15 11 15 159 0
29 2 15 159 0
29 1 15 159 0
29 16 15 159 0
29 17 15 159 0
29 19 15 159 0
29 3 15 159 0
29 15 15 159 0
29 7 15 159 0
29 6 15 159 0
29 8 15 159 0
29 9 15 159 0
29 4 15 159 0
29 5 15 159 0
29 10 15 159 0
29 13 15 159 0
29 14 15 159 0
29 12 15 159 0
29 11 15 159 0
30 17 15 159 0
30 10 15 159 0
30 18 15 159 0
30 19 15 159 0
31 10 15 159 0
31 17 15 159 0
0 2 15 159 0
0 1 15 159 0
31 18 15 159 0
31 19 15 159 0
22 10 15 159 0
23 10 15 159 0
22 17 15 159 0
22 19 15 159 0
23 17 15 159 0
23 19 15 159 0
24 10 15 159 0
24 17 15 159 0
24 19 15 159 0
28 10 15 159 0
28 17 15 159 0
28 19 15 159 0
27 19 15 159 0
27 10 15 159 0
27 17 15 159 0
25 19 15 159 0
25 10 15 159 0
25 17 15 159 0
26 10 15 159 0
26 17 15 159 0
26 19 15 159 0
17 11 15 159 0
15 14 15 159 0
14 14 15 159 0
11 10 14 159 0
11 9 14 159 0
11 11 14 159 0
11 12 14 159 0
11 7 14 159 0
11 8 14 159 0
11 15 14 159 0
11 16 14 159 0
11 14 14 159 0
11 17 14 159 0
11 13 14 159 0
11 6 14 159 0
8 19 14 159 0
8 17 14 159 0
9 17 14 159 0
9 19 14 159 0
7 17 14 159 0
7 19 14 159 0
6 19 14 159 0
11 19 14 159 0
10 17 14 159 0
10 19 14 159 0
11 5 14 159 0
12 9 14 159 0
12 8 14 159 0
12 19 14 159 0
12 10 14 159 0
12 17 14 159 0
12 6 14 159 0
12 7 14 159 0
12 5 14 159 0
13 9 14 159 0
13 8 14 159 0
13 19 14 159 0
13 10 14 159 0
11 4 14 159 0
12 1 14 159 0
11 1 14 159 0
11 2 14 159 0
11 3 14 159 0
12 4 14 159 0
12 3 14 159 0
12 2 14 159 0
1 17 14 159 0
1 18 14 159 0
1 19 14 159 0
1 1 14 159 0
2 1 14 159 0
2 4 14 159 0
2 5 14 159 0
2 3 14 159 0
2 6 14 159 0
2 2 14 159 0
2 19 14 159 0
0 11 14 159 0
0 12 14 159 0
0 13 14 159 0
0 10 14 159 0
0 9 14 159 0
0 8 14 159 0
0 17 14 159 0
0 16 14 159 0
0 19 14 159 0
0 14 14 159 0
0 15 14 159 0
3 19 14 159 0
3 17 14 159 0
4 19 14 159 0
4 17 14 159 0
2 17 14 159 0
2 16 14 159 0
6 17 14 159 0
5 17 14 159 0
5 19 14 159 0
2 10 14 159 0
2 9 14 159 0
2 11 14 159 0
2 7 14 159 0
2 8 14 159 0
2 15 14 159 0
2 14 14 159 0
2 12 14 159 0
2 13 14 159 0
19 5 14 159 0
19 4 14 159 0
19 6 14 159 0
19 2 14 159 0
19 3 14 159 0
19 1 14 159 0
19 7 14 159 0
19 10 14 159 0
19 9 14 159 0
19 11 14 159 0
19 12 14 159 0
19 8 14 159 0
19 19 14 159 0
18 6 14 159 0
18 5 14 159 0
18 19 14 159 0
18 2 14 159 0
18 1 14 159 0
17 19 14 159 0
17 5 14 159 0
18 3 14 159 0
18 4 14 159 0
21 10 14 159 0
21 17 14 159 0
21 19 14 159 0
22 10 14 159 0
22 17 14 159 0
22 19 14 159 0
20 10 14 159 0
20 17 14 159 0
20 19 14 159 0
23 10 14 159 0
23 17 14 159 0
23 19 14 159 0
19 15 14 159 0
19 16 14 159 0
19 14 14 159 0
19 17 14 159 0
19 13 14 159 0
14 10 14 159 0
15 10 14 159 0
14 19 14 159 0
15 19 14 159 0
14 11 14 159 0
15 11 14 159 0
14 13 14 159 0
14 12 14 159 0
15 13 14 159 0
15 12 14 159 0
13 11 14 159 0
17 10 14 159 0
17 12 14 159 0
17 13 14 159 0
17 8 14 159 0
17 9 14 159 0
17 7 14 159 0
16 19 14 159 0
16 12 14 159 0
16 13 14 159 0
16 10 14 159 0
16 11 14 159 0
17 6 14 159 0
12 11 14 159 0
29 7 14 159 0
29 6 14 159 0
29 8 14 159 0
29 9 14 159 0
29 5 14 159 0
29 4 14 159 0
29 12 14 159 0
29 13 14 159 0
29 11 14 159 0
29 14 14 159 0
29 10 14 159 0
29 15 14 159 0
29 2 14 159 0
29 19 14 159 0
29 17 14 159 0
29 1 14 159 0
29 16 14 159 0
29 3 14 159 0
31 10 14 159 0
0 1 14 159 0
0 2 14 159 0
0 3 14 159 0
31 19 14 159 0
31 17 14 159 0
30 18 14 159 0
31 18 14 159 0
30 19 14 159 0
0 6 14 159 0
0 7 14 159 0
0 5 14 159 0
0 4 14 159 0
30 10 14 159 0
30 17 14 159 0
24 19 14 159 0
24 10 14 159 0
24 17 14 159 0
25 19 14 159 0
25 17 14 159 0
25 10 14 159 0
26 10 14 159 0
26 17 14 159 0
26 19 14 159 0
28 10 14 159 0
28 17 14 159 0
28 19 14 159 0
27 10 14 159 0
27 17 14 159 0
27 19 14 159 0
17 11 14 159 0
13 12 14 159 0
13 13 16 159 0
13 19 16 159 0
13 12 16 159 0
13 11 16 159 0
13 10 16 159 0
14 12 16 159 0
14 11 16 159 0
14 13 16 159 0
14 19 16 159 0
12 17 16 159 0
12 10 16 159 0
12 19 16 159 0
12 9 16 159 0
13 17 16 159 0
13 9 16 159 0
12 8 16 159 0
12 7 16 159 0
13 8 16 159 0
15 14 16 159 0
15 13 16 159 0
15 11 16 159 0
15 12 16 159 0
15 19 16 159 0
15 10 16 159 0
14 10 16 159 0
15 16 16 159 0
15 15 16 159 0
14 14 16 159 0
10 19 16 159 0
9 17 16 159 0
9 19 16 159 0
10 17 16 159 0
8 19 16 159 0
8 17 16 159 0
11 7 16 159 0
11 6 16 159 0
11 8 16 159 0
11 19 16 159 0
11 17 16 159 0
11 5 16 159 0
4 17 16 159 0
4 19 16 159 0
5 17 16 159 0
5 19 16 159 0
3 19 16 159 0
3 17 16 159 0
7 17 16 159 0
7 19 16 159 0
6 19 16 159 0
6 17 16 159 0
12 1 16 159 0
11 1 16 159 0
12 2 16 159 0
11 4 16 159 0
11 3 16 159 0
12 6 16 159 0
12 5 16 159 0
12 3 16 159 0
12 4 16 159 0
11 12 16 159 0
11 11 16 159 0
11 13 16 159 0
11 9 16 159 0
11 10 16 159 0
11 2 16 159 0
11 16 16 159 0
11 14 16 159 0
11 15 16 159 0
19 19 16 159 0
18 1 16 159 0
19 1 16 159 0
18 19 16 159 0
19 2 16 159 0
18 5 16 159 0
18 4 16 159 0
18 6 16 159 0
19 6 16 159 0
19 5 16 159 0
19 7 16 159 0
19 8 16 159 0
19 3 16 159 0
19 4 16 159 0
18 9 16 159 0
18 8 16 159 0
18 7 16 159 0
17 19 16 159 0
17 5 16 159 0
18 2 16 159 0
18 3 16 159 0
20 17 16 159 0
20 10 16 159 0
20 19 16 159 0
21 17 16 159 0
21 10 16 159 0
21 19 16 159 0
19 17 16 159 0
19 10 16 159 0
22 10 16 159 0
22 17 16 159 0
22 19 16 159 0
19 11 16 159 0
19 12 16 159 0
19 13 16 159 0
19 9 16 159 0
19 16 16 159 0
19 15 16 159 0
19 14 16 159 0
16 14 16 159 0
16 19 16 159 0
16 11 16 159 0
16 13 16 159 0
16 12 16 159 0
16 16 16 159 0
16 10 16 159 0
16 15 16 159 0
17 13 16 159 0
17 12 16 159 0
17 10 16 159 0
17 14 16 159 0
17 7 16 159 0
17 8 16 159 0
17 11 16 159 0
17 16 16 159 0
17 6 16 159 0
17 9 16 159 0
17 15 16 159 0
23 10 16 159 0
23 19 16 159 0
23 17 16 159 0
24 10 16 159 0
27 10 16 159 0
27 17 16 159 0
27 19 16 159 0
26 17 16 159 0
26 10 16 159 0
26 19 16 159 0
28 10 16 159 0
28 17 16 159 0
28 19 16 159 0
29 10 16 159 0
29 17 16 159 0
29 19 16 159 0
29 2 16 159 0
24 19 16 159 0
24 17 16 159 0
25 10 16 159 0
25 19 16 159 0
25 17 16 159 0
0 14 16 159 0
0 13 16 159 0
0 15 16 159 0
0 11 16 159 0
0 12 16 159 0
0 10 16 159 0
1 19 16 159 0
1 18 16 159 0
1 1 16 159 0
1 17 16 159 0
0 16 16 159 0
0 17 16 159 0
0 19 16 159 0
0 3 16 159 0
0 4 16 159 0
0 2 16 159 0
0 5 16 159 0
31 10 16 159 0
0 1 16 159 0
0 9 16 159 0
0 8 16 159 0
0 6 16 159 0
0 7 16 159 0
2 12 16 159 0
2 11 16 159 0
2 13 16 159 0
2 14 16 159 0
2 9 16 159 0
2 10 16 159 0
2 8 16 159 0
2 19 16 159 0
2 17 16 159 0
2 16 16 159 0
2 15 16 159 0
2 2 16 159 0
2 1 16 159 0
2 3 16 159 0
2 7 16 159 0
2 6 16 159 0
2 4 16 159 0
2 5 16 159 0
29 16 16 159 0
29 15 16 159 0
29 1 16 159 0
29 13 16 159 0
29 12 16 159 0
29 14 16 159 0
29 4 16 159 0
29 3 16 159 0
29 5 16 159 0
29 6 16 159 0
29 7 16 159 0
29 11 16 159 0
29 9 16 159 0
29 8 16 159 0
30 10 16 159 0
30 19 16 159 0
30 17 16 159 0
31 19 16 159 0
31 17 16 159 0
30 18 16 159 0
31 18 16 159 0
12 18 16 159 0
13 14 16 159 0
14 15 16 159 0
12 11 16 159 0
14 10 17 159 0
16 13 17 159 0
18 13 16 159 0
18 12 16 159 0
16 14 15 159 0
18 7 15 159 0
21 10 22 159 0
22 10 22 159 0
21 17 22 159 0
21 19 22 159 0
22 17 22 159 0
22 19 22 159 0
23 10 22 159 0
23 19 22 159 0
23 17 22 159 0
19 16 22 159 0
19 15 22 159 0
19 17 22 159 0
19 19 22 159 0
19 10 22 159 0
19 14 22 159 0
19 13 22 159 0
20 10 22 159 0
20 17 22 159 0
20 19 22 159 0
27 17 22 159 0
27 19 22 159 0
27 10 22 159 0
26 10 22 159 0
26 17 22 159 0
26 19 22 159 0
28 17 22 159 0
28 10 22 159 0
28 19 22 159 0
24 19 22 159 0
24 17 22 159 0
24 10 22 159 0
25 10 22 159 0
25 19 22 159 0
25 17 22 159 0
18 5 22 159 0
18 6 22 159 0
18 4 22 159 0
18 7 22 159 0
18 3 22 159 0
18 2 22 159 0
18 12 22 159 0
18 10 22 159 0
18 11 22 159 0
18 13 22 159 0
18 14 22 159 0
18 8 22 159 0
18 9 22 159 0
15 12 22 159 0
15 11 22 159 0
14 11 22 159 0
14 12 22 159 0
16 12 22 159 0
16 11 22 159 0
13 12 22 159 0
13 11 22 159 0
17 11 22 159 0
17 12 22 159 0
18 1 22 159 0
18 19 22 159 0
19 6 22 159 0
19 5 22 159 0
19 7 22 159 0
19 3 22 159 0
19 2 22 159 0
19 4 22 159 0
19 11 22 159 0
19 12 22 159 0
19 8 22 159 0
19 9 22 159 0
18 17 22 159 0
18 18 22 159 0
18 15 22 159 0
18 16 22 159 0
19 18 22 159 0
19 1 22 159 0
3 19 22 159 0
3 17 22 159 0
4 19 22 159 0
4 17 22 159 0
2 19 22 159 0
2 17 22 159 0
2 16 22 159 0
6 17 22 159 0
6 19 22 159 0
5 19 22 159 0
5 17 22 159 0
2 9 22 159 0
2 10 22 159 0
2 8 22 159 0
2 11 22 159 0
2 7 22 159 0
2 6 22 159 0
2 15 22 159 0
2 14 22 159 0
2 12 22 159 0
2 13 22 159 0
11 6 22 159 0
11 5 22 159 0
11 7 22 159 0
11 3 22 159 0
11 2 22 159 0
11 4 22 159 0
11 11 22 159 0
11 10 22 159 0
11 12 22 159 0
11 17 22 159 0
11 8 22 159 0
11 9 22 159 0
8 19 22 159 0
8 17 22 159 0
9 19 22 159 0
9 17 22 159 0
7 17 22 159 0
7 19 22 159 0
11 19 22 159 0
10 19 22 159 0
10 17 22 159 0
11 1 22 159 0
31 10 22 159 0
0 19 22 159 0
0 2 22 159 0
0 3 22 159 0
1 1 22 159 0
0 1 22 159 0
30 18 22 159 0
30 17 22 159 0
30 19 22 159 0
30 10 22 159 0
31 19 22 159 0
0 6 22 159 0
0 5 22 159 0
0 7 22 159 0
0 8 22 159 0
0 4 22 159 0
29 10 22 159 0
29 17 22 159 0
29 19 22 159 0
1 19 22 159 0
1 17 22 159 0
1 18 22 159 0
2 4 22 159 0
2 5 22 159 0
2 3 22 159 0
2 2 22 159 0
2 1 22 159 0
0 11 22 159 0
0 12 22 159 0
0 10 22 159 0
0 13 22 159 0
0 9 22 159 0
0 16 22 159 0
0 17 22 159 0
0 15 22 159 0
0 14 22 159 0
12 10 22 159 0
12 9 22 159 0
12 17 22 159 0
12 19 22 159 0
12 11 22 159 0
12 12 22 159 0
12 7 22 159 0
12 8 22 159 0
12 6 22 159 0
13 19 22 159 0
13 17 22 159 0
12 18 22 159 0
13 18 22 159 0
12 1 22 159 0
12 5 22 159 0
12 4 22 159 0
12 2 22 159 0
12 3 22 159 0
31 12 22 159 0
31 11 22 159 0
22 11 22 159 0
22 12 22 159 0
23 12 22 159 0
24 12 22 159 0
24 11 22 159 0
23 11 22 159 0
21 12 22 159 0
20 12 22 159 0
20 11 22 159 0
21 11 22 159 0
27 11 22 159 0
27 12 22 159 0
26 11 22 159 0
26 12 22 159 0
28 12 22 159 0
28 11 22 159 0
25 12 22 159 0
25 11 22 159 0
30 11 22 159 0
30 12 22 159 0
29 12 22 159 0
29 11 22 159 0
2 18 22 159 0
12 4 21 159 0
12 3 21 159 0
12 5 21 159 0
12 6 21 159 0
12 1 21 159 0
12 12 21 159 0
12 17 21 159 0
12 19 21 159 0
12 2 21 159 0
12 9 21 159 0
12 10 21 159 0
12 8 21 159 0
12 11 21 159 0
12 7 21 159 0
11 9 21 159 0
11 8 21 159 0
11 10 21 159 0
11 6 21 159 0
11 5 21 159 0
11 7 21 159 0
11 19 21 159 0
11 1 21 159 0
11 12 21 159 0
11 17 21 159 0
11 11 21 159 0
17 12 21 159 0
17 11 21 159 0
18 12 21 159 0
18 11 21 159 0
18 19 21 159 0
16 12 21 159 0
16 11 21 159 0
15 12 21 159 0
15 11 21 159 0
18 4 21 159 0
18 5 21 159 0
18 6 21 159 0
18 3 21 159 0
18 2 21 159 0
18 1 21 159 0
13 19 21 159 0
12 18 21 159 0
13 18 21 159 0
13 11 21 159 0
13 12 21 159 0
13 17 21 159 0
14 12 21 159 0
14 11 21 159 0
2 13 21 159 0
2 12 21 159 0
2 14 21 159 0
2 10 21 159 0
2 9 21 159 0
2 11 21 159 0
2 17 21 159 0
2 19 21 159 0
3 19 21 159 0
3 17 21 159 0
2 15 21 159 0
2 16 21 159 0
2 2 21 159 0
2 3 21 159 0
2 1 21 159 0
2 4 21 159 0
1 19 21 159 0
1 17 21 159 0
1 18 21 159 0
1 1 21 159 0
2 7 21 159 0
2 8 21 159 0
2 6 21 159 0
2 5 21 159 0
10 19 21 159 0
10 17 21 159 0
9 19 21 159 0
9 17 21 159 0
8 19 21 159 0
8 17 21 159 0
11 4 21 159 0
11 3 21 159 0
11 2 21 159 0
5 19 21 159 0
4 17 21 159 0
5 17 21 159 0
4 19 21 159 0
6 17 21 159 0
7 17 21 159 0
7 19 21 159 0
6 19 21 159 0
25 10 21 159 0
25 17 21 159 0
25 19 21 159 0
26 10 21 159 0
26 17 21 159 0
26 19 21 159 0
24 10 21 159 0
24 17 21 159 0
24 19 21 159 0
27 10 21 159 0
27 17 21 159 0
27 19 21 159 0
23 17 21 159 0
23 10 21 159 0
23 19 21 159 0
22 10 21 159 0
22 19 21 159 0
22 17 21 159 0
30 10 21 159 0
30 17 21 159 0
30 19 21 159 0
30 18 21 159 0
29 10 21 159 0
29 17 21 159 0
29 19 21 159 0
31 10 21 159 0
31 19 21 159 0
0 2 21 159 0
0 1 21 159 0
0 19 21 159 0
28 10 21 159 0
28 19 21 159 0
28 17 21 159 0
19 17 21 159 0
19 19 21 159 0
19 1 21 159 0
19 18 21 159 0
18 17 21 159 0
18 18 21 159 0
19 5 21 159 0
19 4 21 159 0
19 6 21 159 0
19 7 21 159 0
19 2 21 159 0
19 3 21 159 0
18 10 21 159 0
18 9 21 159 0
18 13 21 159 0
18 7 21 159 0
18 8 21 159 0
18 16 21 159 0
18 14 21 159 0
18 15 21 159 0
20 19 21 159 0
20 10 21 159 0
20 17 21 159 0
21 10 21 159 0
19 10 21 159 0
21 19 21 159 0
21 17 21 159 0
19 11 21 159 0
19 9 21 159 0
19 12 21 159 0
19 8 21 159 0
19 15 21 159 0
19 16 21 159 0
19 14 21 159 0
19 13 21 159 0
0 14 21 159 0
0 13 21 159 0
0 15 21 159 0
0 11 21 159 0
0 10 21 159 0
0 12 21 159 0
0 16 21 159 0
0 17 21 159 0
0 3 21 159 0
0 4 21 159 0
0 5 21 159 0
0 8 21 159 0
0 9 21 159 0
0 7 21 159 0
0 6 21 159 0
15 13 21 159 0
1 2 23 159 0
1 19 23 159 0
1 1 23 159 0
1 17 23 159 0
1 16 23 159 0
1 3 23 159 0
1 15 23 159 0
1 14 23 159 0
1 7 23 159 0
1 6 23 159 0
1 8 23 159 0
1 4 23 159 0
1 5 23 159 0
1 9 23 159 0
1 12 23 159 0
1 11 23 159 0
1 13 23 159 0
1 10 23 159 0
2 1 23 159 0
2 2 23 159 0
2 3 23 159 0
25 17 23 159 0
25 19 23 159 0
25 10 23 159 0
24 19 23 159 0
26 17 23 159 0
26 10 23 159 0
26 19 23 159 0
24 17 23 159 0
24 10 23 159 0
23 17 23 159 0
23 19 23 159 0
23 10 23 159 0
27 17 23 159 0
27 19 23 159 0
27 10 23 159 0
28 19 23 159 0
28 17 23 159 0
28 10 23 159 0
22 19 23 159 0
22 18 23 159 0
22 10 23 159 0
22 17 23 159 0
21 17 23 159 0
21 10 23 159 0
21 18 23 159 0
21 19 23 159 0
20 19 23 159 0
20 17 23 159 0
20 10 23 159 0
23 18 23 159 0
29 10 23 159 0
29 19 23 159 0
29 17 23 159 0
30 17 23 159 0
30 19 23 159 0
30 10 23 159 0
31 19 23 159 0
0 19 23 159 0
19 15 23 159 0
19 14 23 159 0
19 16 23 159 0
19 12 23 159 0
19 11 23 159 0
19 13 23 159 0
19 17 23 159 0
19 19 23 159 0
19 10 23 159 0
10 19 23 159 0
11 19 23 159 0
9 19 23 159 0
11 3 23 159 0
11 4 23 159 0
11 2 23 159 0
11 5 23 159 0
11 12 23 159 0
11 1 23 159 0
7 19 23 159 0
6 19 23 159 0
5 19 23 159 0
8 19 23 159 0
12 3 23 159 0
12 2 23 159 0
12 4 23 159 0
12 19 23 159 0
12 1 23 159 0
12 12 23 159 0
12 8 23 159 0
12 7 23 159 0
12 9 23 159 0
12 5 23 159 0
12 6 23 159 0
11 8 23 159 0
11 9 23 159 0
11 7 23 159 0
11 10 23 159 0
11 6 23 159 0
11 11 23 159 0
3 19 23 159 0
4 19 23 159 0
2 19 23 159 0
3 17 23 159 0
4 17 23 159 0
5 17 23 159 0
2 17 23 159 0
2 16 23 159 0
2 15 23 159 0
2 14 23 159 0
7 17 23 159 0
8 17 23 159 0
9 17 23 159 0
6 17 23 159 0
2 13 23 159 0
2 6 23 159 0
2 7 23 159 0
2 5 23 159 0
2 8 23 159 0
2 4 23 159 0
2 11 23 159 0
2 12 23 159 0
2 10 23 159 0
2 9 23 159 0
18 2 23 159 0
18 19 23 159 0
18 12 23 159 0
18 1 23 159 0
18 3 23 159 0
18 4 23 159 0
17 12 23 159 0
17 11 23 159 0
18 11 23 159 0
18 7 23 159 0
18 8 23 159 0
18 6 23 159 0
18 9 23 159 0
18 5 23 159 0
13 11 23 159 0
13 12 23 159 0
14 11 23 159 0
14 12 23 159 0
13 19 23 159 0
12 11 23 159 0
12 17 23 159 0
13 17 23 159 0
16 11 23 159 0
16 12 23 159 0
15 12 23 159 0
15 11 23 159 0
19 4 23 159 0
19 5 23 159 0
19 3 23 159 0
19 6 23 159 0
19 2 23 159 0
19 1 23 159 0
19 9 23 159 0
19 8 23 159 0
19 7 23 159 0
18 14 23 159 0
18 15 23 159 0
18 13 23 159 0
18 16 23 159 0
18 10 23 159 0
18 17 23 159 0
11 17 23 159 0
10 17 23 159 0
12 10 23 159 0
20 18 23 159 0
19 18 23 159 0
24 18 23 159 0
8 18 23 159 0
9 18 23 159 0
6 18 23 159 0
7 18 23 159 0
12 18 23 159 0
11 18 23 159 0
10 18 23 159 0
26 18 23 159 0
27 18 23 159 0
25 18 23 159 0
0 11 23 159 0
0 12 23 159 0
0 10 23 159 0
0 13 23 159 0
0 9 23 159 0
0 8 23 159 0
0 16 23 159 0
0 17 23 159 0
0 15 23 159 0
0 14 23 159 0
31 10 23 159 0
0 1 23 159 0
0 2 23 159 0
0 3 23 159 0
0 6 23 159 0
0 7 23 159 0
0 5 23 159 0
0 4 23 159 0
28 18 23 159 0
29 18 23 159 0
30 18 23 159 0
12 7 24 159 0
12 8 24 159 0
12 6 24 159 0
12 9 24 159 0
12 5 24 159 0
12 4 24 159 0
12 2 24 159 0
12 12 24 159 0
12 1 24 159 0
12 3 24 159 0
12 10 24 159 0
12 11 24 159 0
13 11 24 159 0
13 12 24 159 0
15 11 24 159 0
15 12 24 159 0
14 12 24 159 0
14 11 24 159 0
16 12 24 159 0
16 11 24 159 0
11 7 24 159 0
11 8 24 159 0
11 6 24 159 0
11 9 24 159 0
11 5 24 159 0
11 4 24 159 0
11 2 24 159 0
11 12 24 159 0
11 1 24 159 0
11 3 24 159 0
11 10 24 159 0
11 11 24 159 0
19 12 24 159 0
19 13 24 159 0
19 11 24 159 0
19 14 24 159 0
19 10 24 159 0
19 9 24 159 0
19 17 24 159 0
19 15 24 159 0
19 16 24 159 0
18 13 24 159 0
18 12 24 159 0
18 10 24 159 0
18 11 24 159 0
18 14 24 159 0
18 9 24 159 0
18 8 24 159 0
18 3 24 159 0
18 2 24 159 0
18 4 24 159 0
18 15 24 159 0
18 16 24 159 0
18 17 24 159 0
18 1 24 159 0
17 12 24 159 0
17 11 24 159 0
18 6 24 159 0
18 5 24 159 0
18 7 24 159 0
19 2 24 159 0
19 1 24 159 0
19 3 24 159 0
19 4 24 159 0
19 7 24 159 0
19 8 24 159 0
19 6 24 159 0
19 5 24 159 0
1 18 23 159 0
2 18 23 159 0
13 18 23 159 0
18 18 23 159 0
3 18 23 159 0
5 18 23 159 0
4 18 23 159 0
6 8 20 159 0
6 1 20 159 0
6 2 20 159 0
6 19 20 159 0
6 10 20 159 0
6 16 20 159 0
6 15 20 159 0
6 14 20 159 0
7 8 20 159 0
7 19 20 159 0
7 1 20 159 0
7 2 20 159 0
7 10 20 159 0
7 16 20 159 0
6 6 20 159 0
6 7 20 159 0
6 5 20 159 0
6 4 20 159 0
6 3 20 159 0
6 13 20 159 0
6 12 20 159 0
6 11 20 159 0
8 16 20 159 0
8 10 20 159 0
8 19 20 159 0
8 1 20 159 0
8 2 20 159 0
8 8 20 159 0
8 3 20 159 0
8 4 20 159 0
8 5 20 159 0
8 6 20 159 0
8 7 20 159 0
8 14 20 159 0
8 13 20 159 0
8 15 20 159 0
8 11 20 159 0
8 12 20 159 0
9 1 20 159 0
9 2 20 159 0
9 5 20 159 0
9 6 20 159 0
9 4 20 159 0
9 7 20 159 0
9 3 20 159 0
4 8 20 159 0
4 1 20 159 0
4 2 20 159 0
4 10 20 159 0
4 16 20 159 0
4 19 20 159 0
3 16 20 159 0
3 19 20 159 0
3 8 20 159 0
3 10 20 159 0
3 1 20 159 0
3 2 20 159 0
4 5 20 159 0
4 4 20 159 0
4 3 20 159 0
4 6 20 159 0
4 11 20 159 0
4 12 20 159 0
4 7 20 159 0
4 14 20 159 0
4 15 20 159 0
4 13 20 159 0
2 3 20 159 0
2 2 20 159 0
2 4 20 159 0
2 5 20 159 0
1 19 20 159 0
2 19 20 159 0
1 1 20 159 0
2 1 20 159 0
1 17 20 159 0
2 8 20 159 0
2 9 20 159 0
2 7 20 159 0
2 10 20 159 0
2 6 20 159 0
0 15 20 159 0
0 16 20 159 0
0 14 20 159 0
0 17 20 159 0
1 16 20 159 0
0 19 20 159 0
0 13 20 159 0
0 12 20 159 0
1 18 20 159 0
2 16 20 159 0
2 14 20 159 0
2 13 20 159 0
2 15 20 159 0
2 11 20 159 0
2 12 20 159 0
5 8 20 159 0
5 1 20 159 0
5 2 20 159 0
5 19 20 159 0
5 10 20 159 0
5 16 20 159 0
5 15 20 159 0
5 13 20 159 0
5 14 20 159 0
5 12 20 159 0
5 3 20 159 0
5 4 20 159 0
5 5 20 159 0
5 6 20 159 0
5 11 20 159 0
5 7 20 159 0
10 5 20 159 0
10 4 20 159 0
10 6 20 159 0
10 2 20 159 0
10 19 20 159 0
10 10 20 159 0
10 16 20 159 0
10 1 20 159 0
10 3 20 159 0
11 2 20 159 0
11 3 20 159 0
11 1 20 159 0
11 4 20 159 0
10 7 20 159 0
10 8 20 159 0
11 5 20 159 0
11 8 20 159 0
11 10 20 159 0
11 7 20 159 0
11 16 20 159 0
11 19 20 159 0
11 6 20 159 0
13 19 20 159 0
13 1 20 159 0
13 17 20 159 0
13 18 20 159 0
14 3 20 159 0
14 2 20 159 0
14 4 20 159 0
14 19 20 159 0
14 1 20 159 0
14 17 20 159 0
12 1 20 159 0
12 17 20 159 0
12 19 20 159 0
12 18 20 159 0
14 5 20 159 0
15 19 20 159 0
15 16 20 159 0
15 17 20 159 0
15 9 20 159 0
15 12 20 159 0
15 15 20 159 0
15 14 20 159 0
15 13 20 159 0
14 8 20 159 0
14 7 20 159 0
14 9 20 159 0
14 6 20 159 0
11 9 20 159 0
11 11 20 159 0
11 14 20 159 0
11 13 20 159 0
11 15 20 159 0
11 12 20 159 0
9 8 20 159 0
9 16 20 159 0
9 10 20 159 0
9 19 20 159 0
19 13 20 159 0
19 12 20 159 0
19 14 20 159 0
19 15 20 159 0
19 10 20 159 0
19 11 20 159 0
19 3 20 159 0
19 2 20 159 0
19 4 20 159 0
19 16 20 159 0
19 1 20 159 0
19 19 20 159 0
19 9 20 159 0
19 8 20 159 0
19 5 20 159 0
19 7 20 159 0
19 6 20 159 0
20 1 19 159 0
20 1 20 159 0
20 2 19 159 0
20 2 20 159 0
20 8 20 159 0
20 8 19 159 0
20 19 20 159 0
20 9 20 159 0
20 10 20 159 0
20 16 20 159 0
20 16 19 159 0
23 9 20 159 0
23 10 20 159 0
23 2 20 159 0
23 8 19 159 0
23 8 20 159 0
23 2 19 159 0
23 16 19 159 0
23 16 20 159 0
23 19 20 159 0
23 1 19 159 0
23 1 20 159 0
23 4 20 159 0
23 3 20 159 0
23 5 20 159 0
22 1 19 159 0
22 2 19 159 0
22 16 19 159 0
22 19 20 159 0
22 1 20 159 0
22 16 20 159 0
22 2 20 159 0
22 8 19 159 0
22 8 20 159 0
22 9 20 159 0
22 10 20 159 0
23 11 19 159 0
23 11 20 159 0
23 12 19 159 0
23 12 20 159 0
23 7 19 159 0
23 7 20 159 0
23 6 19 159 0
23 6 20 159 0
23 13 19 159 0
23 13 20 159 0
23 15 19 159 0
23 15 20 159 0
23 14 19 159 0
23 14 20 159 0
23 4 19 159 0
23 5 19 159 0
23 3 19 159 0
21 16 19 159 0
21 10 20 159 0
21 16 20 159 0
21 19 20 159 0
21 1 19 159 0
21 1 20 159 0
21 2 19 159 0
21 2 20 159 0
21 8 19 159 0
21 8 20 159 0
21 9 20 159 0
10 1 19 159 0
10 2 19 159 0
10 16 19 159 0
10 17 20 159 0
10 10 19 159 0
10 8 19 159 0
11 17 20 159 0
9 1 19 159 0
9 2 19 159 0
9 16 19 159 0
9 8 19 159 0
9 10 19 159 0
8 8 19 159 0
8 16 19 159 0
8 17 20 159 0
16 9 19 159 0
16 9 20 159 0
16 17 20 159 0
16 19 20 159 0
16 18 20 159 0
17 9 20 159 0
17 2 19 159 0
17 2 20 159 0
17 19 20 159 0
17 17 20 159 0
17 18 20 159 0
17 1 19 159 0
17 1 20 159 0
17 6 19 159 0
17 6 20 159 0
17 5 19 159 0
17 5 20 159 0
17 7 20 159 0
17 3 19 159 0
17 3 20 159 0
17 4 19 159 0
17 4 20 159 0
15 16 19 159 0
15 18 20 159 0
15 9 19 159 0
15 12 19 159 0
15 13 19 159 0
15 14 19 159 0
15 15 19 159 0
18 1 20 159 0
18 17 20 159 0
18 18 20 159 0
18 19 20 159 0
19 17 20 159 0
19 18 19 159 0
19 18 20 159 0
17 8 20 159 0
13 1 19 159 0
14 9 19 159 0
14 18 20 159 0
14 8 19 159 0
14 2 19 159 0
14 1 19 159 0
14 3 19 159 0
14 7 19 159 0
14 6 19 159 0
14 4 19 159 0
14 5 19 159 0
29 7 20 159 0
29 6 20 159 0
29 8 20 159 0
29 4 20 159 0
29 3 20 159 0
29 5 20 159 0
29 12 20 159 0
29 11 20 159 0
29 13 20 159 0
29 14 20 159 0
29 9 20 159 0
29 10 20 159 0
29 1 20 159 0
29 2 20 159 0
29 16 20 159 0
29 19 20 159 0
29 15 20 159 0
27 19 20 159 0
27 10 20 159 0
27 16 19 159 0
27 16 20 159 0
27 1 19 159 0
27 1 20 159 0
27 2 19 159 0
27 2 20 159 0
27 8 19 159 0
27 8 20 159 0
27 9 20 159 0
28 10 20 159 0
28 8 19 159 0
28 8 20 159 0
28 9 20 159 0
28 16 19 159 0
28 16 20 159 0
28 1 19 159 0
28 19 20 159 0
28 1 20 159 0
28 2 19 159 0
28 2 20 159 0
26 8 20 159 0
26 2 19 159 0
26 2 20 159 0
26 8 19 159 0
26 1 19 159 0
26 9 20 159 0
26 10 20 159 0
26 16 19 159 0
26 16 20 159 0
26 19 20 159 0
26 1 20 159 0
29 17 20 159 0
0 5 20 159 0
0 4 20 159 0
0 6 20 159 0
0 7 20 159 0
0 2 20 159 0
0 3 20 159 0
0 10 20 159 0
0 11 20 159 0
0 9 20 159 0
0 8 20 159 0
0 1 20 159 0
30 19 20 159 0
30 10 20 159 0
30 17 20 159 0
30 18 20 159 0
31 10 20 159 0
31 19 20 159 0
24 1 19 159 0
24 2 19 159 0
24 16 19 159 0
24 19 20 159 0
24 1 20 159 0
24 2 20 159 0
24 8 19 159 0
24 8 20 159 0
24 16 20 159 0
24 9 20 159 0
24 10 20 159 0
25 8 20 159 0
25 2 19 159 0
25 2 20 159 0
25 8 19 159 0
25 9 20 159 0
25 10 20 159 0
25 16 19 159 0
25 16 20 159 0
25 19 20 159 0
25 1 19 159 0
25 1 20 159 0
25 15 19 159 0
25 15 20 159 0
25 3 20 159 0
26 3 20 159 0
25 14 19 159 0
25 14 20 159 0
25 13 19 159 0
25 13 20 159 0
25 6 20 159 0
26 6 20 159 0
25 7 20 159 0
26 7 20 159 0
25 5 20 159 0
26 5 20 159 0
25 4 20 159 0
26 4 20 159 0
25 5 19 159 0
25 4 19 159 0
25 6 19 159 0
25 3 19 159 0
25 11 19 159 0
25 11 20 159 0
25 12 19 159 0
25 12 20 159 0
25 7 19 159 0
26 13 20 159 0
26 12 20 159 0
26 14 20 159 0
26 11 20 159 0
26 15 20 159 0
6 9 20 159 0
5 9 20 159 0
4 9 20 159 0
10 9 20 159 0
9 9 20 159 0
8 9 20 159 0
7 9 20 159 0
28 3 20 159 0
28 6 20 159 0
28 7 20 159 0
28 5 20 159 0
28 4 20 159 0
24 15 20 159 0
24 14 20 159 0
24 5 20 159 0
24 6 20 159 0
24 4 20 159 0
24 7 20 159 0
24 3 20 159 0
24 12 20 159 0
24 13 20 159 0
24 11 20 159 0
28 12 20 159 0
28 13 20 159 0
28 11 20 159 0
28 14 20 159 0
28 15 20 159 0
14 16 19 159 0
14 10 19 159 0
14 15 19 159 0
14 14 19 159 0
14 13 19 159 0
14 11 19 159 0
14 12 19 159 0
15 10 19 159 0
15 11 19 159 0
13 9 19 159 0
13 10 19 159 0
13 8 19 159 0
13 7 19 159 0
13 6 19 159 0
13 14 19 159 0
13 15 19 159 0
13 13 19 159 0
13 4 19 159 0
13 3 19 159 0
13 5 19 159 0
13 2 19 159 0
17 14 19 159 0
17 13 19 159 0
17 15 19 159 0
17 12 19 159 0
16 11 19 159 0
16 10 19 159 0
16 12 19 159 0
16 13 19 159 0
16 16 19 159 0
16 15 19 159 0
16 14 19 159 0
7 16 19 159 0
6 16 19 159 0
3 16 19 159 0
4 16 19 159 0
5 16 19 159 0
7 8 19 159 0
7 10 19 159 0
6 8 19 159 0
5 8 19 159 0
3 8 19 159 0
4 8 19 159 0
5 10 19 159 0
18 14 19 159 0
22 17 20 159 0
23 17 20 159 0
24 17 20 159 0
20 17 20 159 0
21 17 20 159 0
28 17 20 159 0
27 17 20 159 0
25 17 20 159 0
26 17 20 159 0
13 11 20 159 0
13 12 20 159 0
12 12 20 159 0
12 11 20 159 0
15 11 20 159 0
16 12 20 159 0
16 11 20 159 0
14 11 20 159 0
14 12 20 159 0
12 5 20 159 0
12 6 20 159 0
12 7 20 159 0
12 4 20 159 0
12 3 20 159 0
12 2 20 159 0
12 10 20 159 0
12 8 20 159 0
12 9 20 159 0
18 13 20 159 0
18 12 20 159 0
18 10 20 159 0
18 11 20 159 0
18 14 20 159 0
18 8 20 159 0
18 9 20 159 0
18 7 20 159 0
18 15 20 159 0
18 16 20 159 0
17 12 20 159 0
17 11 20 159 0
18 2 20 159 0
18 6 20 159 0
18 5 20 159 0
18 3 20 159 0
18 4 20 159 0
5 17 20 159 0
6 17 20 159 0
4 17 20 159 0
7 17 20 159 0
9 17 20 159 0
3 17 20 159 0
2 17 20 159 0
13 7 20 159 0
13 6 20 159 0
13 4 20 159 0
13 5 20 159 0
31 18 20 159 0
31 18 21 159 0
12 13 20 159 0
12 14 20 159 0
12 15 20 159 0
12 16 20 159 0
17 15 20 159 0
17 14 20 159 0
17 16 20 159 0
17 10 20 159 0
17 13 20 159 0
13 13 20 159 0
13 10 20 159 0
13 14 20 159 0
13 8 20 159 0
13 9 20 159 0
13 2 20 159 0
13 3 20 159 0
13 15 20 159 0
13 16 20 159 0
14 16 20 159 0
14 14 20 159 0
14 13 20 159 0
14 15 20 159 0
14 10 20 159 0
16 14 20 159 0
16 13 20 159 0
16 15 20 159 0
16 10 20 159 0
16 16 20 159 0
15 10 20 159 0
20 17 7 159 0
20 16 7 159 0
20 19 7 159 0
20 1 7 159 0
20 2 7 159 0
20 3 7 159 0
20 14 7 159 0
20 13 7 159 0
20 15 7 159 0
20 6 7 159 0
20 7 7 159 0
20 5 7 159 0
20 8 7 159 0
20 4 7 159 0
20 11 7 159 0
20 12 7 159 0
20 10 7 159 0
20 9 7 159 0
19 6 7 159 0
19 5 7 159 0
19 7 7 159 0
19 8 7 159 0
19 3 7 159 0
19 4 7 159 0
19 11 7 159 0
19 12 7 159 0
19 10 7 159 0
19 13 7 159 0
19 9 7 159 0
19 16 7 159 0
19 17 7 159 0
19 2 7 159 0
19 19 7 159 0
19 1 7 159 0
19 15 7 159 0
19 14 7 159 0
18 9 7 159 0
18 8 7 159 0
18 10 7 159 0
18 6 7 159 0
18 5 7 159 0
18 7 7 159 0
18 4 7 159 0
18 3 7 159 0
18 2 7 159 0
18 19 7 159 0
18 1 7 159 0
18 11 7 159 0
17 10 7 159 0
17 9 7 159 0
17 11 7 159 0
17 19 7 159 0
21 8 7 159 0
21 7 7 159 0
21 9 7 159 0
21 5 7 159 0
21 6 7 159 0
21 4 7 159 0
21 10 7 159 0
21 13 7 159 0
21 12 7 159 0
21 14 7 159 0
21 15 7 159 0
21 11 7 159 0
21 3 7 159 0
21 2 7 159 0
21 16 7 159 0
21 19 7 159 0
21 17 7 159 0
21 1 7 159 0
15 12 7 159 0
15 11 7 159 0
15 13 7 159 0
15 9 7 159 0
15 8 7 159 0
15 10 7 159 0
15 4 7 159 0
15 5 7 159 0
15 3 7 159 0
15 6 7 159 0
15 2 7 159 0
15 1 7 159 0
15 14 7 159 0
15 16 7 159 0
15 19 7 159 0
15 7 7 159 0
15 15 7 159 0
16 3 7 159 0
16 4 7 159 0
16 2 7 159 0
16 5 7 159 0
16 13 7 159 0
16 12 7 159 0
16 1 7 159 0
16 15 7 159 0
16 19 7 159 0
16 9 7 159 0
16 8 7 159 0
16 10 7 159 0
16 6 7 159 0
16 7 7 159 0
16 11 7 159 0
14 1 7 159 0
14 2 7 159 0
14 16 7 159 0
14 19 7 159 0
14 14 7 159 0
14 13 7 159 0
14 15 7 159 0
14 3 7 159 0
14 12 7 159 0
14 11 7 159 0
14 7 7 159 0
14 6 7 159 0
14 8 7 159 0
14 4 7 159 0
14 5 7 159 0
14 9 7 159 0
14 10 7 159 0
17 5 7 159 0
17 6 7 159 0
17 4 7 159 0
17 7 7 159 0
17 3 7 159 0
17 2 7 159 0
17 12 7 159 0
17 14 7 159 0
17 8 7 159 0
17 13 7 159 0
17 15 7 159 0
17 1 7 159 0
16 16 7 159 0
17 16 7 159 0
16 14 7 159 0
16 17 7 159 0
25 5 7 159 0
25 6 7 159 0
25 4 7 159 0
25 7 7 159 0
25 3 7 159 0
25 17 7 159 0
25 19 7 159 0
25 16 7 159 0
25 11 7 159 0
25 10 7 159 0
25 12 7 159 0
25 8 7 159 0
25 9 7 159 0
25 15 7 159 0
25 14 7 159 0
25 13 7 159 0
25 2 7 159 0
26 16 7 159 0
26 17 7 159 0
26 15 7 159 0
26 3 7 159 0
26 19 7 159 0
26 2 7 159 0
26 14 7 159 0
26 13 7 159 0
26 7 7 159 0
26 6 7 159 0
26 8 7 159 0
26 9 7 159 0
26 4 7 159 0
26 5 7 159 0
26 11 7 159 0
26 10 7 159 0
26 12 7 159 0
24 17 7 159 0
24 16 7 159 0
24 19 7 159 0
24 14 7 159 0
24 15 7 159 0
24 13 7 159 0
24 12 7 159 0
24 11 7 159 0
24 5 7 159 0
24 6 7 159 0
24 4 7 159 0
24 7 7 159 0
24 3 7 159 0
24 2 7 159 0
24 10 7 159 0
24 9 7 159 0
24 8 7 159 0
27 6 7 159 0
27 5 7 159 0
27 7 7 159 0
27 8 7 159 0
27 4 7 159 0
27 3 7 159 0
27 11 7 159 0
27 12 7 159 0
27 10 7 159 0
27 13 7 159 0
27 9 7 159 0
27 15 7 159 0
27 16 7 159 0
27 17 7 159 0
27 19 7 159 0
27 2 7 159 0
27 14 7 159 0
22 16 7 159 0
22 15 7 159 0
22 19 7 159 0
22 17 7 159 0
22 1 7 159 0
22 2 7 159 0
22 13 7 159 0
22 12 7 159 0
22 14 7 159 0
22 5 7 159 0
22 6 7 159 0
22 4 7 159 0
22 7 7 159 0
22 3 7 159 0
22 10 7 159 0
22 11 7 159 0
22 9 7 159 0
22 8 7 159 0
23 5 7 159 0
23 6 7 159 0
23 4 7 159 0
23 7 7 159 0
23 3 7 159 0
23 2 7 159 0
23 11 7 159 0
23 10 7 159 0
23 12 7 159 0
23 8 7 159 0
23 9 7 159 0
23 1 7 159 0
23 13 7 159 0
23 16 7 159 0
23 17 7 159 0
23 15 7 159 0
23 19 7 159 0
23 14 7 159 0
5 8 7 159 0
5 7 7 159 0
5 9 7 159 0
5 10 7 159 0
5 6 7 159 0
5 5 7 159 0
5 13 7 159 0
5 14 7 159 0
5 12 7 159 0
5 15 7 159 0
5 11 7 159 0
5 3 7 159 0
5 2 7 159 0
5 4 7 159 0
5 16 7 159 0
5 19 7 159 0
5 1 7 159 0
5 17 7 159 0
6 13 7 159 0
6 14 7 159 0
6 12 7 159 0
6 15 7 159 0
6 11 7 159 0
6 10 7 159 0
6 3 7 159 0
6 2 7 159 0
6 4 7 159 0
6 5 7 159 0
6 16 7 159 0
6 1 7 159 0
6 19 7 159 0
6 17 7 159 0
6 8 7 159 0
6 9 7 159 0
6 7 7 159 0
6 6 7 159 0
4 13 7 159 0
4 14 7 159 0
4 12 7 159 0
4 15 7 159 0
4 11 7 159 0
4 10 7 159 0
4 16 7 159 0
4 17 7 159 0
4 19 7 159 0
4 3 7 159 0
4 2 7 159 0
4 4 7 159 0
4 5 7 159 0
4 1 7 159 0
4 8 7 159 0
4 7 7 159 0
4 9 7 159 0
4 6 7 159 0
7 13 7 159 0
7 14 7 159 0
7 15 7 159 0
7 12 7 159 0
7 11 7 159 0
7 10 7 159 0
7 3 7 159 0
7 2 7 159 0
7 4 7 159 0
7 5 7 159 0
7 16 7 159 0
7 1 7 159 0
7 17 7 159 0
7 19 7 159 0
7 8 7 159 0
7 9 7 159 0
7 7 7 159 0
7 6 7 159 0
2 13 7 159 0
2 12 7 159 0
2 14 7 159 0
2 15 7 159 0
2 10 7 159 0
2 11 7 159 0
2 3 7 159 0
2 2 7 159 0
2 4 7 159 0
2 16 7 159 0
2 19 7 159 0
2 17 7 159 0
2 1 7 159 0
2 9 7 159 0
2 8 7 159 0
2 7 7 159 0
2 5 7 159 0
2 6 7 159 0
3 3 7 159 0
3 2 7 159 0
3 4 7 159 0
3 1 7 159 0
3 8 7 159 0
3 7 7 159 0
3 9 7 159 0
3 10 7 159 0
3 5 7 159 0
3 6 7 159 0
3 16 7 159 0
3 15 7 159 0
3 17 7 159 0
3 19 7 159 0
3 13 7 159 0
3 12 7 159 0
3 14 7 159 0
3 11 7 159 0
0 15 7 159 0
0 16 7 159 0
0 19 7 159 0
1 19 7 159 0
0 17 7 159 0
1 17 7 159 0
1 16 7 159 0
1 1 7 159 0
0 14 7 159 0
1 13 7 159 0
0 13 7 159 0
0 12 7 159 0
1 14 7 159 0
1 18 7 159 0
0 5 7 159 0
0 4 7 159 0
0 6 7 159 0
0 7 7 159 0
0 3 7 159 0
0 2 7 159 0
0 10 7 159 0
0 11 7 159 0
0 9 7 159 0
0 8 7 159 0
2 18 7 159 0
11 14 7 159 0
11 13 7 159 0
11 15 7 159 0
11 16 7 159 0
11 11 7 159 0
11 12 7 159 0
11 10 7 159 0
11 3 7 159 0
11 4 7 159 0
11 5 7 159 0
11 17 7 159 0
11 2 7 159 0
11 19 7 159 0
11 1 7 159 0
11 9 7 159 0
11 8 7 159 0
11 6 7 159 0
11 7 7 159 0
12 2 7 159 0
12 3 7 159 0
12 19 7 159 0
12 1 7 159 0
12 4 7 159 0
12 7 7 159 0
12 8 7 159 0
12 6 7 159 0
12 9 7 159 0
12 5 7 159 0
10 3 7 159 0
10 4 7 159 0
10 5 7 159 0
10 2 7 159 0
10 16 7 159 0
10 17 7 159 0
10 15 7 159 0
10 19 7 159 0
10 1 7 159 0
10 9 7 159 0
10 8 7 159 0
10 10 7 159 0
10 6 7 159 0
10 7 7 159 0
10 14 7 159 0
10 13 7 159 0
10 11 7 159 0
10 12 7 159 0
13 5 7 159 0
13 6 7 159 0
13 4 7 159 0
13 7 7 159 0
13 3 7 159 0
13 2 7 159 0
13 10 7 159 0
13 11 7 159 0
13 12 7 159 0
13 8 7 159 0
13 9 7 159 0
13 13 7 159 0
13 1 7 159 0
13 15 7 159 0
13 16 7 159 0
13 17 7 159 0
13 19 7 159 0
13 14 7 159 0
14 17 7 159 0
12 12 7 159 0
12 13 7 159 0
12 11 7 159 0
12 10 7 159 0
12 14 7 159 0
8 3 7 159 0
8 4 7 159 0
8 2 7 159 0
8 5 7 159 0
8 16 7 159 0
8 17 7 159 0
8 15 7 159 0
8 19 7 159 0
8 1 7 159 0
8 8 7 159 0
8 9 7 159 0
8 7 7 159 0
8 10 7 159 0
8 6 7 159 0
8 14 7 159 0
8 13 7 159 0
8 11 7 159 0
8 12 7 159 0
9 3 7 159 0
9 4 7 159 0
9 2 7 159 0
9 5 7 159 0
9 1 7 159 0
9 9 7 159 0
9 8 7 159 0
9 10 7 159 0
9 6 7 159 0
9 7 7 159 0
9 14 7 159 0
9 13 7 159 0
9 15 7 159 0
9 11 7 159 0
9 12 7 159 0
9 16 7 159 0
9 17 7 159 0
9 19 7 159 0
18 1 8 159 0
18 19 8 159 0
19 1 8 159 0
19 19 8 159 0
19 2 8 159 0
18 3 8 159 0
18 2 8 159 0
18 4 8 159 0
19 6 8 159 0
19 5 8 159 0
19 7 8 159 0
19 3 8 159 0
19 4 8 159 0
18 7 8 159 0
18 6 8 159 0
18 8 8 159 0
18 5 8 159 0
18 10 8 159 0
18 9 8 159 0
20 10 8 159 0
20 17 8 159 0
20 19 8 159 0
21 10 8 159 0
19 10 8 159 0
19 17 8 159 0
21 17 8 159 0
21 19 8 159 0
22 10 8 159 0
22 17 8 159 0
22 19 8 159 0
19 11 8 159 0
19 12 8 159 0
19 8 8 159 0
19 9 8 159 0
19 16 8 159 0
19 15 8 159 0
19 13 8 159 0
19 14 8 159 0
15 14 8 159 0
15 15 8 159 0
15 16 8 159 0
15 19 8 159 0
15 13 8 159 0
16 12 8 159 0
16 13 8 159 0
16 11 8 159 0
16 19 8 159 0
15 12 8 159 0
14 15 8 159 0
14 16 8 159 0
14 19 8 159 0
14 14 8 159 0
14 13 8 159 0
17 10 8 159 0
17 11 8 159 0
17 19 8 159 0
17 8 8 159 0
17 9 8 159 0
17 12 8 159 0
17 13 8 159 0
17 4 8 159 0
16 14 8 159 0
16 16 8 159 0
29 13 8 159 0
29 12 8 159 0
29 14 8 159 0
29 15 8 159 0
29 10 8 159 0
29 11 8 159 0
29 9 8 159 0
30 10 8 159 0
29 17 8 159 0
29 19 8 159 0
30 17 8 159 0
30 19 8 159 0
29 16 8 159 0
29 3 8 159 0
29 2 8 159 0
29 4 8 159 0
29 1 8 159 0
29 8 8 159 0
29 7 8 159 0
29 5 8 159 0
29 6 8 159 0
0 6 8 159 0
0 5 8 159 0
0 7 8 159 0
0 3 8 159 0
0 2 8 159 0
0 4 8 159 0
0 11 8 159 0
0 10 8 159 0
0 12 8 159 0
0 13 8 159 0
0 8 8 159 0
0 9 8 159 0
30 18 8 159 0
31 17 8 159 0
31 18 8 159 0
31 10 8 159 0
0 1 8 159 0
0 19 8 159 0
1 1 8 159 0
31 19 8 159 0
25 17 8 159 0
25 19 8 159 0
25 10 8 159 0
26 17 8 159 0
26 19 8 159 0
26 10 8 159 0
24 10 8 159 0
24 17 8 159 0
24 19 8 159 0
27 17 8 159 0
27 10 8 159 0
27 19 8 159 0
23 10 8 159 0
23 19 8 159 0
23 17 8 159 0
28 10 8 159 0
28 17 8 159 0
28 19 8 159 0
0 14 8 159 0
0 15 8 159 0
1 18 8 159 0
1 19 8 159 0
1 17 8 159 0
0 16 8 159 0
1 16 8 159 0
12 1 8 159 0
12 19 8 159 0
11 1 8 159 0
11 19 8 159 0
12 6 8 159 0
12 7 8 159 0
12 2 8 159 0
11 15 8 159 0
11 16 8 159 0
11 14 8 159 0
11 17 8 159 0
12 5 8 159 0
12 4 8 159 0
12 3 8 159 0
11 8 8 159 0
11 7 8 159 0
11 9 8 159 0
11 5 8 159 0
11 4 8 159 0
11 6 8 159 0
11 13 8 159 0
11 12 8 159 0
11 10 8 159 0
11 11 8 159 0
13 12 8 159 0
13 11 8 159 0
13 19 8 159 0
13 13 8 159 0
13 10 8 159 0
13 15 8 159 0
13 16 8 159 0
13 14 8 159 0
12 10 8 159 0
12 9 8 159 0
12 11 8 159 0
12 12 8 159 0
12 8 8 159 0
12 13 8 159 0
2 11 8 159 0
2 12 8 159 0
2 10 8 159 0
2 13 8 159 0
2 9 8 159 0
2 8 8 159 0
2 17 8 159 0
2 16 8 159 0
2 19 8 159 0
2 14 8 159 0
2 15 8 159 0
2 1 8 159 0
2 18 8 159 0
2 2 8 159 0
2 3 8 159 0
2 6 8 159 0
2 7 8 159 0
2 5 8 159 0
2 4 8 159 0
9 17 8 159 0
9 19 8 159 0
10 17 8 159 0
10 19 8 159 0
8 19 8 159 0
8 17 8 159 0
7 17 8 159 0
7 19 8 159 0
11 2 8 159 0
11 3 8 159 0
4 17 8 159 0
4 19 8 159 0
3 19 8 159 0
5 17 8 159 0
5 19 8 159 0
3 17 8 159 0
6 19 8 159 0
6 17 8 159 0
17 5 8 159 0
17 6 8 159 0
17 7 8 159 0
14 12 8 159 0
15 11 8 159 0
14 11 8 159 0
15 10 8 159 0
16 10 8 159 0
0 17 8 159 0
13 9 8 159 0
29 4 7 159 0
29 3 7 159 0
29 5 7 159 0
29 6 7 159 0
29 17 7 159 0
29 10 7 159 0
29 19 7 159 0
29 1 7 159 0
29 2 7 159 0
28 10 7 159 0
28 19 7 159 0
28 17 7 159 0
29 9 7 159 0
29 8 7 159 0
29 11 7 159 0
29 7 7 159 0
29 12 7 159 0
29 13 7 159 0
29 14 7 159 0
29 15 7 159 0
29 16 7 159 0
31 10 7 159 0
0 1 7 159 0
30 18 7 159 0
31 18 7 159 0
30 19 7 159 0
31 19 7 159 0
31 17 7 159 0
30 17 7 159 0
30 10 7 159 0
12 15 7 159 0
28 7 7 159 0
28 6 7 159 0
28 8 7 159 0
28 9 7 159 0
28 4 7 159 0
28 5 7 159 0
28 3 7 159 0
28 12 7 159 0
28 13 7 159 0
28 11 7 159 0
28 14 7 159 0
28 16 7 159 0
28 15 7 159 0
28 2 7 159 0
20 12 6 159 0
20 13 6 159 0
20 11 6 159 0
20 14 6 159 0
20 10 6 159 0
20 9 6 159 0
20 3 6 159 0
20 2 6 159 0
20 4 6 159 0
20 5 6 159 0
20 16 6 159 0
20 17 6 159 0
20 1 6 159 0
20 7 6 159 0
20 8 6 159 0
20 6 6 159 0
19 17 6 159 0
19 16 6 159 0
19 10 6 159 0
19 9 6 159 0
19 11 6 159 0
19 7 6 159 0
19 8 6 159 0
19 6 6 159 0
19 15 6 159 0
19 14 6 159 0
19 12 6 159 0
19 13 6 159 0
19 5 6 159 0
19 4 6 159 0
19 2 6 159 0
19 1 6 159 0
19 3 6 159 0
21 17 6 159 0
21 16 6 159 0
21 1 6 159 0
21 2 6 159 0
21 3 6 159 0
21 14 6 159 0
21 13 6 159 0
21 12 6 159 0
21 6 6 159 0
21 7 6 159 0
21 5 6 159 0
21 8 6 159 0
21 4 6 159 0
21 10 6 159 0
21 9 6 159 0
21 11 6 159 0
22 14 6 159 0
22 13 6 159 0
22 16 6 159 0
22 17 6 159 0
22 11 6 159 0
22 10 6 159 0
22 12 6 159 0
22 5 6 159 0
22 4 6 159 0
22 6 6 159 0
22 2 6 159 0
22 1 6 159 0
22 3 6 159 0
22 8 6 159 0
22 9 6 159 0
22 7 6 159 0
17 3 6 159 0
17 2 6 159 0
17 4 6 159 0
17 5 6 159 0
17 13 6 159 0
17 12 6 159 0
17 1 6 159 0
17 14 6 159 0
17 8 6 159 0
17 7 6 159 0
17 9 6 159 0
17 10 6 159 0
17 6 6 159 0
17 11 6 159 0
16 12 6 159 0
16 11 6 159 0
16 13 6 159 0
16 14 6 159 0
16 9 6 159 0
16 10 6 159 0
16 8 6 159 0
16 2 6 159 0
16 1 6 159 0
16 3 6 159 0
16 7 6 159 0
16 6 6 159 0
16 4 6 159 0
16 5 6 159 0
17 17 6 159 0
18 10 6 159 0
18 9 6 159 0
18 11 6 159 0
18 7 6 159 0
18 6 6 159 0
18 8 6 159 0
18 15 6 159 0
18 14 6 159 0
18 16 6 159 0
18 17 6 159 0
18 12 6 159 0
18 13 6 159 0
18 4 6 159 0
18 5 6 159 0
18 3 6 159 0
18 2 6 159 0
18 1 6 159 0
17 15 6 159 0
26 7 6 159 0
26 6 6 159 0
26 8 6 159 0
26 4 6 159 0
26 3 6 159 0
26 5 6 159 0
26 12 6 159 0
26 11 6 159 0
26 13 6 159 0
26 9 6 159 0
26 10 6 159 0
26 1 6 159 0
26 17 6 159 0
26 2 6 159 0
26 16 6 159 0
26 14 6 159 0
26 15 6 159 0
25 12 6 159 0
25 11 6 159 0
25 13 6 159 0
25 9 6 159 0
25 8 6 159 0
25 10 6 159 0
25 17 6 159 0
25 16 6 159 0
25 1 6 159 0
25 2 6 159 0
25 3 6 159 0
25 14 6 159 0
25 15 6 159 0
25 6 6 159 0
25 7 6 159 0
25 5 6 159 0
25 4 6 159 0
27 13 6 159 0
27 14 6 159 0
27 12 6 159 0
27 15 6 159 0
27 11 6 159 0
27 10 6 159 0
27 3 6 159 0
27 2 6 159 0
27 4 6 159 0
27 5 6 159 0
27 16 6 159 0
27 1 6 159 0
27 17 6 159 0
27 8 6 159 0
27 7 6 159 0
27 9 6 159 0
27 6 6 159 0
28 9 6 159 0
28 8 6 159 0
28 10 6 159 0
28 6 6 159 0
28 5 6 159 0
28 7 6 159 0
28 14 6 159 0
28 13 6 159 0
28 15 6 159 0
28 11 6 159 0
28 12 6 159 0
28 3 6 159 0
28 4 6 159 0
28 2 6 159 0
28 1 6 159 0
23 8 6 159 0
23 7 6 159 0
23 9 6 159 0
23 10 6 159 0
23 5 6 159 0
23 6 6 159 0
23 4 6 159 0
23 13 6 159 0
23 12 6 159 0
23 15 6 159 0
23 14 6 159 0
23 11 6 159 0
23 3 6 159 0
23 2 6 159 0
23 16 6 159 0
23 1 6 159 0
23 17 6 159 0
24 15 6 159 0
24 16 6 159 0
24 14 6 159 0
24 17 6 159 0
24 1 6 159 0
24 2 6 159 0
24 13 6 159 0
24 12 6 159 0
24 5 6 159 0
24 4 6 159 0
24 6 6 159 0
24 7 6 159 0
24 3 6 159 0
24 10 6 159 0
24 11 6 159 0
24 9 6 159 0
24 8 6 159 0
5 10 6 159 0
6 10 6 159 0
5 9 6 159 0
6 9 6 159 0
5 11 6 159 0
6 11 6 159 0
5 7 6 159 0
6 7 6 159 0
5 6 6 159 0
6 6 6 159 0
5 8 6 159 0
6 8 6 159 0
6 5 6 159 0
6 4 6 159 0
5 12 6 159 0
6 12 6 159 0
6 3 6 159 0
5 5 6 159 0
5 4 6 159 0
5 3 6 159 0
5 15 6 159 0
6 2 6 159 0
6 15 6 159 0
4 8 6 159 0
4 7 6 159 0
4 9 6 159 0
4 5 6 159 0
4 4 6 159 0
4 6 6 159 0
4 15 6 159 0
4 3 6 159 0
4 17 6 159 0
4 10 6 159 0
4 11 6 159 0
4 12 6 159 0
4 2 6 159 0
5 2 6 159 0
8 2 6 159 0
8 3 6 159 0
7 15 6 159 0
8 15 6 159 0
8 4 6 159 0
7 11 6 159 0
8 11 6 159 0
7 10 6 159 0
8 10 6 159 0
7 12 6 159 0
8 12 6 159 0
8 7 6 159 0
8 8 6 159 0
8 6 6 159 0
8 9 6 159 0
8 5 6 159 0
7 3 6 159 0
7 2 6 159 0
7 4 6 159 0
7 5 6 159 0
7 8 6 159 0
7 9 6 159 0
7 7 6 159 0
7 6 6 159 0
2 2 6 159 0
1 12 6 159 0
2 12 6 159 0
2 3 6 159 0
1 11 6 159 0
2 11 6 159 0
2 4 6 159 0
1 9 6 159 0
1 10 6 159 0
2 9 6 159 0
2 10 6 159 0
1 8 6 159 0
2 8 6 159 0
2 7 6 159 0
2 6 6 159 0
2 5 6 159 0
1 3 6 159 0
1 2 6 159 0
1 7 6 159 0
1 6 6 159 0
1 4 6 159 0
1 5 6 159 0
2 16 6 159 0
2 17 6 159 0
3 17 6 159 0
11 17 6 159 0
3 6 6 159 0
3 5 6 159 0
3 7 6 159 0
3 3 6 159 0
3 2 6 159 0
3 4 6 159 0
3 11 6 159 0
3 10 6 159 0
3 15 6 159 0
3 12 6 159 0
3 14 6 159 0
4 14 6 159 0
3 8 6 159 0
3 9 6 159 0
13 10 6 159 0
13 9 6 159 0
13 11 6 159 0
13 7 6 159 0
13 6 6 159 0
13 8 6 159 0
13 4 6 159 0
13 3 6 159 0
13 5 6 159 0
13 12 6 159 0
13 13 6 159 0
13 1 6 159 0
13 2 6 159 0
14 3 6 159 0
14 2 6 159 0
14 4 6 159 0
14 5 6 159 0
14 12 6 159 0
14 11 6 159 0
14 1 6 159 0
14 13 6 159 0
14 8 6 159 0
14 9 6 159 0
14 7 6 159 0
14 10 6 159 0
14 6 6 159 0
12 10 6 159 0
12 9 6 159 0
12 11 6 159 0
12 12 6 159 0
12 8 6 159 0
12 7 6 159 0
12 4 6 159 0
12 3 6 159 0
12 5 6 159 0
12 6 6 159 0
12 1 6 159 0
12 16 6 159 0
12 17 6 159 0
12 2 6 159 0
15 6 6 159 0
15 5 6 159 0
15 7 6 159 0
15 8 6 159 0
15 4 6 159 0
15 3 6 159 0
15 11 6 159 0
15 12 6 159 0
15 10 6 159 0
15 13 6 159 0
15 1 6 159 0
15 9 6 159 0
15 2 6 159 0
15 14 6 159 0
9 5 6 159 0
10 5 6 159 0
9 4 6 159 0
10 4 6 159 0
9 6 6 159 0
10 6 6 159 0
9 7 6 159 0
10 7 6 159 0
9 2 6 159 0
9 3 6 159 0
10 2 6 159 0
10 3 6 159 0
9 1 6 159 0
10 1 6 159 0
9 10 6 159 0
10 10 6 159 0
9 11 6 159 0
10 11 6 159 0
9 9 6 159 0
10 9 6 159 0
9 12 6 159 0
10 12 6 159 0
9 8 6 159 0
10 8 6 159 0
9 15 6 159 0
10 15 6 159 0
11 9 6 159 0
11 8 6 159 0
11 10 6 159 0
11 11 6 159 0
11 6 6 159 0
11 7 6 159 0
11 5 6 159 0
11 2 6 159 0
11 1 6 159 0
11 12 6 159 0
11 15 6 159 0
11 4 6 159 0
11 3 6 159 0
28 16 6 159 0
12 16 7 159 0
12 17 7 159 0
12 18 7 159 0
13 18 7 159 0
14 18 7 159 0
9 18 7 159 0
10 18 7 159 0
11 18 7 159 0
17 17 7 159 0
17 18 7 159 0
18 16 7 159 0
18 17 7 159 0
18 15 7 159 0
18 14 7 159 0
18 18 7 159 0
19 18 7 159 0
20 18 7 159 0
15 17 7 159 0
15 18 7 159 0
16 18 7 159 0
6 18 7 159 0
5 18 7 159 0
4 18 7 159 0
8 18 7 159 0
7 18 7 159 0
1 15 7 159 0
3 18 7 159 0
25 18 7 159 0
24 18 7 159 0
25 1 7 159 0
24 1 7 159 0
26 18 7 159 0
26 1 7 159 0
27 1 7 159 0
27 18 7 159 0
21 18 7 159 0
23 18 7 159 0
22 18 7 159 0
29 18 7 159 0
1 12 7 159 0
28 18 7 159 0
28 1 7 159 0
12 13 6 159 0
12 15 6 159 0
14 14 6 159 0
21 15 6 159 0
22 15 6 159 0
20 15 6 159 0
8 1 6 159 0
7 1 6 159 0
6 1 6 159 0
11 14 6 159 0
11 13 6 159 0
10 14 6 159 0
12 19 6 159 0
11 19 6 159 0
13 19 6 159 0
14 19 6 159 0
9 13 6 159 0
9 14 6 159 0
10 13 6 159 0
8 13 6 159 0
10 19 6 159 0
20 19 6 159 0
21 19 6 159 0
19 19 6 159 0
23 19 6 159 0
24 19 6 159 0
22 19 6 159 0
16 19 6 159 0
17 19 6 159 0
15 19 6 159 0
18 19 6 159 0
29 11 6 159 0
29 12 6 159 0
29 10 6 159 0
29 13 6 159 0
29 9 6 159 0
29 8 6 159 0
29 16 6 159 0
29 17 6 159 0
29 15 6 159 0
29 14 6 159 0
29 1 6 159 0
29 2 6 159 0
29 3 6 159 0
29 6 6 159 0
29 7 6 159 0
29 5 6 159 0
29 4 6 159 0
0 5 6 159 0
0 4 6 159 0
0 6 6 159 0
0 2 6 159 0
0 3 6 159 0
31 10 6 159 0
1 1 6 159 0
0 1 6 159 0
0 7 6 159 0
0 8 6 159 0
30 17 6 159 0
30 10 6 159 0
31 17 6 159 0
28 17 6 159 0
5 1 6 159 0
5 14 6 159 0
4 1 6 159 0
3 1 6 159 0
7 13 6 159 0
6 13 6 159 0
2 15 6 159 0
2 1 6 159 0
2 14 6 159 0
1 15 6 159 0
1 16 6 159 0
1 13 6 159 0
2 13 6 159 0
1 17 6 159 0
29 19 6 159 0
28 19 6 159 0
30 18 6 159 0
29 18 6 159 0
30 19 6 159 0
25 19 6 159 0
27 19 6 159 0
26 19 6 159 0
31 19 6 159 0
1 11 7 159 0
12 14 6 159 0
12 18 6 159 0
8 19 6 159 0
7 19 6 159 0
9 19 6 159 0
17 16 6 159 0
19 18 6 159 0
13 17 6 159 0
13 16 6 159 0
16 17 6 159 0
0 9 6 159 0
1 19 6 159 0
0 10 6 159 0
0 19 6 159 0
4 19 6 159 0
5 19 6 159 0
3 19 6 159 0
6 19 6 159 0
2 19 6 159 0
1 14 6 159 0
6 14 6 159 0
7 14 6 159 0
5 13 6 159 0
1 10 7 159 0
1 9 7 159 0
0 11 6 159 0
17 19 12 159 0
17 10 12 159 0
16 10 12 159 0
16 11 12 159 0
16 19 12 159 0
17 7 12 159 0
16 13 12 159 0
16 12 12 159 0
17 6 12 159 0
17 5 12 159 0
17 8 12 159 0
17 9 12 159 0
15 11 12 159 0
15 10 12 159 0
15 12 12 159 0
15 13 12 159 0
15 19 12 159 0
16 9 12 159 0
16 8 12 159 0
19 3 12 159 0
19 4 12 159 0
19 2 12 159 0
19 5 12 159 0
19 1 12 159 0
19 19 12 159 0
18 19 12 159 0
18 1 12 159 0
19 9 12 159 0
19 8 12 159 0
19 10 12 159 0
19 6 12 159 0
19 7 12 159 0
18 10 12 159 0
18 6 12 159 0
18 5 12 159 0
18 3 12 159 0
18 2 12 159 0
18 4 12 159 0
12 6 12 159 0
12 7 12 159 0
12 8 12 159 0
12 4 12 159 0
12 3 12 159 0
12 5 12 159 0
12 17 12 159 0
12 10 12 159 0
12 11 12 159 0
12 19 12 159 0
13 10 12 159 0
13 19 12 159 0
13 9 12 159 0
12 9 12 159 0
11 4 12 159 0
11 3 12 159 0
11 5 12 159 0
11 17 12 159 0
11 16 12 159 0
11 19 12 159 0
11 1 12 159 0
11 2 12 159 0
12 1 12 159 0
12 2 12 159 0
11 15 12 159 0
11 14 12 159 0
11 6 12 159 0
14 13 12 159 0
14 19 12 159 0
14 11 12 159 0
14 12 12 159 0
14 10 12 159 0
13 8 12 159 0
13 11 12 159 0
29 12 12 159 0
29 11 12 159 0
29 13 12 159 0
29 9 12 159 0
29 8 12 159 0
29 10 12 159 0
29 16 12 159 0
29 17 12 159 0
29 19 12 159 0
29 1 12 159 0
29 2 12 159 0
29 14 12 159 0
29 15 12 159 0
28 10 12 159 0
28 19 12 159 0
28 17 12 159 0
29 3 12 159 0
29 6 12 159 0
29 7 12 159 0
29 4 12 159 0
29 5 12 159 0
30 17 12 159 0
30 10 12 159 0
30 19 12 159 0
30 18 12 159 0
21 19 12 159 0
21 17 12 159 0
21 10 12 159 0
20 19 12 159 0
20 10 12 159 0
20 17 12 159 0
22 17 12 159 0
22 19 12 159 0
22 10 12 159 0
23 10 12 159 0
23 17 12 159 0
19 14 12 159 0
19 13 12 159 0
19 15 12 159 0
19 16 12 159 0
19 11 12 159 0
19 12 12 159 0
19 17 12 159 0
23 19 12 159 0
26 19 12 159 0
26 10 12 159 0
26 17 12 159 0
25 10 12 159 0
25 19 12 159 0
25 17 12 159 0
27 19 12 159 0
27 17 12 159 0
27 10 12 159 0
24 10 12 159 0
24 17 12 159 0
24 19 12 159 0
2 17 12 159 0
3 17 12 159 0
2 19 12 159 0
3 19 12 159 0
2 16 12 159 0
2 15 12 159 0
5 19 12 159 0
5 17 12 159 0
6 19 12 159 0
6 17 12 159 0
4 17 12 159 0
4 19 12 159 0
2 8 12 159 0
2 9 12 159 0
2 7 12 159 0
2 10 12 159 0
2 6 12 159 0
2 5 12 159 0
2 14 12 159 0
2 13 12 159 0
2 11 12 159 0
2 12 12 159 0
11 9 12 159 0
11 8 12 159 0
11 10 12 159 0
11 11 12 159 0
11 7 12 159 0
11 13 12 159 0
11 12 12 159 0
8 17 12 159 0
8 19 12 159 0
7 19 12 159 0
7 17 12 159 0
9 17 12 159 0
9 19 12 159 0
10 19 12 159 0
10 17 12 159 0
31 10 12 159 0
31 19 12 159 0
0 19 12 159 0
0 1 12 159 0
1 1 12 159 0
0 2 12 159 0
31 17 12 159 0
31 18 12 159 0
0 5 12 159 0
0 6 12 159 0
0 4 12 159 0
0 7 12 159 0
0 3 12 159 0
1 18 12 159 0
1 17 12 159 0
1 19 12 159 0
2 3 12 159 0
2 2 12 159 0
2 4 12 159 0
2 1 12 159 0
0 10 12 159 0
0 11 12 159 0
0 9 12 159 0
0 12 12 159 0
0 8 12 159 0
0 15 12 159 0
0 16 12 159 0
0 17 12 159 0
0 14 12 159 0
0 13 12 159 0
0 6 13 159 0
0 5 13 159 0
0 7 13 159 0
0 3 13 159 0
0 2 13 159 0
0 4 13 159 0
0 11 13 159 0
0 10 13 159 0
0 12 13 159 0
0 8 13 159 0
0 9 13 159 0
0 1 13 159 0
1 1 13 159 0
0 19 13 159 0
2 3 13 159 0
2 4 13 159 0
2 2 13 159 0
2 5 13 159 0
1 19 13 159 0
1 17 13 159 0
1 18 13 159 0
2 1 13 159 0
2 19 13 159 0
2 9 13 159 0
2 8 13 159 0
2 10 13 159 0
2 6 13 159 0
2 7 13 159 0
0 16 13 159 0
0 15 13 159 0
0 17 13 159 0
0 13 13 159 0
0 14 13 159 0
12 10 13 159 0
12 19 13 159 0
13 10 13 159 0
12 17 13 159 0
12 11 13 159 0
13 9 13 159 0
13 19 13 159 0
12 9 13 159 0
13 8 13 159 0
12 2 13 159 0
12 1 13 159 0
12 3 13 159 0
12 4 13 159 0
11 1 13 159 0
11 19 13 159 0
11 16 13 159 0
11 6 13 159 0
12 7 13 159 0
12 8 13 159 0
12 6 13 159 0
12 5 13 159 0
15 13 13 159 0
15 12 13 159 0
15 19 13 159 0
15 11 13 159 0
14 10 13 159 0
14 11 13 159 0
14 19 13 159 0
15 10 13 159 0
14 13 13 159 0
14 12 13 159 0
13 11 13 159 0
5 19 13 159 0
5 17 13 159 0
6 19 13 159 0
6 17 13 159 0
4 19 13 159 0
4 17 13 159 0
3 19 13 159 0
3 17 13 159 0
8 17 13 159 0
8 19 13 159 0
7 17 13 159 0
7 19 13 159 0
9 17 13 159 0
9 19 13 159 0
2 14 13 159 0
2 13 13 159 0
2 15 13 159 0
2 11 13 159 0
2 12 13 159 0
2 17 13 159 0
2 16 13 159 0
11 14 13 159 0
11 15 13 159 0
11 13 13 159 0
11 12 13 159 0
11 11 13 159 0
11 4 13 159 0
11 3 13 159 0
11 5 13 159 0
11 17 13 159 0
11 2 13 159 0
10 19 13 159 0
10 17 13 159 0
11 9 13 159 0
11 10 13 159 0
11 8 13 159 0
11 7 13 159 0
16 10 13 159 0
16 19 13 159 0
16 9 13 159 0
16 11 13 159 0
16 12 13 159 0
14 14 13 159 0
23 17 13 159 0
23 19 13 159 0
23 10 13 159 0
22 10 13 159 0
22 17 13 159 0
22 19 13 159 0
24 17 13 159 0
24 10 13 159 0
24 19 13 159 0
20 10 13 159 0
20 19 13 159 0
20 17 13 159 0
21 10 13 159 0
21 17 13 159 0
21 19 13 159 0
19 10 13 159 0
19 17 13 159 0
19 19 13 159 0
28 19 13 159 0
28 17 13 159 0
28 10 13 159 0
27 19 13 159 0
27 10 13 159 0
27 17 13 159 0
29 4 13 159 0
29 3 13 159 0
29 5 13 159 0
29 19 13 159 0
29 17 13 159 0
29 10 13 159 0
29 1 13 159 0
29 2 13 159 0
25 10 13 159 0
25 17 13 159 0
25 19 13 159 0
26 10 13 159 0
26 17 13 159 0
26 19 13 159 0
17 5 13 159 0
18 5 13 159 0
17 19 13 159 0
18 10 13 159 0
18 19 13 159 0
18 6 13 159 0
17 7 13 159 0
17 8 13 159 0
17 6 13 159 0
18 4 13 159 0
18 1 13 159 0
18 2 13 159 0
18 3 13 159 0
16 13 13 159 0
17 10 13 159 0
17 9 13 159 0
19 11 13 159 0
19 12 13 159 0
19 13 13 159 0
19 8 13 159 0
19 9 13 159 0
19 7 13 159 0
19 16 13 159 0
19 15 13 159 0
19 14 13 159 0
19 1 13 159 0
19 2 13 159 0
19 6 13 159 0
19 5 13 159 0
19 3 13 159 0
19 4 13 159 0
31 10 13 159 0
30 18 13 159 0
31 18 13 159 0
31 19 13 159 0
30 19 13 159 0
31 17 13 159 0
30 17 13 159 0
30 10 13 159 0
29 13 13 159 0
29 12 13 159 0
29 14 13 159 0
29 15 13 159 0
29 11 13 159 0
29 9 13 159 0
29 16 13 159 0
29 8 13 159 0
29 7 13 159 0
29 6 13 159 0
13 19 11 159 0
13 11 11 159 0
14 11 11 159 0
14 19 11 159 0
13 9 11 159 0
13 10 11 159 0
14 12 11 159 0
14 13 11 159 0
12 19 11 159 0
12 10 11 159 0
12 17 11 159 0
12 9 11 159 0
12 11 11 159 0
12 8 11 159 0
12 7 11 159 0
13 8 11 159 0
16 9 11 159 0
16 10 11 159 0
16 19 11 159 0
16 8 11 159 0
15 10 11 159 0
15 19 11 159 0
15 11 11 159 0
16 11 11 159 0
16 12 11 159 0
17 10 11 159 0
17 19 11 159 0
16 13 11 159 0
14 10 11 159 0
15 12 11 159 0
15 13 11 159 0
10 17 11 159 0
10 19 11 159 0
9 17 11 159 0
9 19 11 159 0
11 17 11 159 0
11 19 11 159 0
8 17 11 159 0
8 19 11 159 0
11 9 11 159 0
11 8 11 159 0
11 10 11 159 0
11 6 11 159 0
11 7 11 159 0
5 19 11 159 0
4 19 11 159 0
4 17 11 159 0
5 17 11 159 0
3 17 11 159 0
3 19 11 159 0
7 19 11 159 0
7 17 11 159 0
6 19 11 159 0
6 17 11 159 0
11 1 11 159 0
12 1 11 159 0
12 2 11 159 0
11 15 11 159 0
11 14 11 159 0
11 16 11 159 0
12 5 11 159 0
12 4 11 159 0
12 6 11 159 0
12 3 11 159 0
11 13 11 159 0
11 11 11 159 0
11 12 11 159 0
11 4 11 159 0
11 5 11 159 0
11 3 11 159 0
11 2 11 159 0
24 19 11 159 0
24 10 11 159 0
24 17 11 159 0
25 10 11 159 0
25 19 11 159 0
25 17 11 159 0
23 10 11 159 0
23 17 11 159 0
23 19 11 159 0
26 19 11 159 0
26 17 11 159 0
26 10 11 159 0
22 10 11 159 0
22 17 11 159 0
22 19 11 159 0
21 17 11 159 0
21 19 11 159 0
21 10 11 159 0
29 5 11 159 0
29 4 11 159 0
29 6 11 159 0
29 7 11 159 0
29 3 11 159 0
29 2 11 159 0
29 10 11 159 0
29 11 11 159 0
29 9 11 159 0
29 12 11 159 0
29 8 11 159 0
27 17 11 159 0
27 10 11 159 0
27 19 11 159 0
28 10 11 159 0
28 17 11 159 0
28 19 11 159 0
29 17 11 159 0
29 19 11 159 0
29 1 11 159 0
18 19 11 159 0
18 5 11 159 0
18 1 11 159 0
18 2 11 159 0
18 4 11 159 0
18 3 11 159 0
18 6 11 159 0
18 10 11 159 0
19 2 11 159 0
19 1 11 159 0
19 19 11 159 0
19 3 11 159 0
19 4 11 159 0
17 8 11 159 0
17 7 11 159 0
17 9 11 159 0
17 6 11 159 0
17 5 11 159 0
17 4 11 159 0
19 17 11 159 0
19 10 11 159 0
20 17 11 159 0
20 10 11 159 0
20 19 11 159 0
19 15 11 159 0
19 14 11 159 0
19 16 11 159 0
19 7 11 159 0
19 8 11 159 0
19 6 11 159 0
19 9 11 159 0
19 5 11 159 0
19 12 11 159 0
19 13 11 159 0
19 11 11 159 0
0 14 11 159 0
0 15 11 159 0
0 13 11 159 0
0 16 11 159 0
0 12 11 159 0
0 11 11 159 0
1 18 11 159 0
1 19 11 159 0
1 1 11 159 0
1 17 11 159 0
0 17 11 159 0
0 19 11 159 0
0 4 11 159 0
0 3 11 159 0
0 5 11 159 0
0 6 11 159 0
31 10 11 159 0
0 1 11 159 0
0 2 11 159 0
0 9 11 159 0
0 8 11 159 0
0 10 11 159 0
0 7 11 159 0
2 12 11 159 0
2 13 11 159 0
2 11 11 159 0
2 14 11 159 0
2 10 11 159 0
2 9 11 159 0
2 17 11 159 0
2 19 11 159 0
2 15 11 159 0
2 16 11 159 0
2 2 11 159 0
2 1 11 159 0
2 3 11 159 0
2 4 11 159 0
2 7 11 159 0
2 8 11 159 0
2 6 11 159 0
2 5 11 159 0
29 16 11 159 0
29 14 11 159 0
29 13 11 159 0
29 15 11 159 0
30 10 11 159 0
30 17 11 159 0
30 19 11 159 0
30 18 11 159 0
31 17 11 159 0
31 19 11 159 0
31 18 11 159 0
17 4 12 159 0
14 14 14 159 0
15 14 13 159 0
13 17 13 159 0
17 8 9 159 0
17 7 9 159 0
17 19 9 159 0
17 9 9 159 0
17 10 9 159 0
17 5 9 159 0
17 11 9 159 0
17 4 9 159 0
18 4 9 159 0
18 5 9 159 0
17 6 9 159 0
16 10 9 159 0
16 19 9 159 0
15 19 9 159 0
15 10 9 159 0
15 12 9 159 0
15 13 9 159 0
16 11 9 159 0
16 12 9 159 0
16 13 9 159 0
15 11 9 159 0
19 5 9 159 0
19 4 9 159 0
19 6 9 159 0
19 2 9 159 0
19 1 9 159 0
19 19 9 159 0
19 3 9 159 0
19 10 9 159 0
19 9 9 159 0
19 11 9 159 0
19 12 9 159 0
19 7 9 159 0
19 8 9 159 0
18 6 9 159 0
18 10 9 159 0
18 19 9 159 0
18 1 9 159 0
18 3 9 159 0
18 2 9 159 0
13 10 9 159 0
13 11 9 159 0
13 19 9 159 0
13 9 9 159 0
12 11 9 159 0
12 19 9 159 0
12 12 9 159 0
13 12 9 159 0
13 13 9 159 0
12 5 9 159 0
12 4 9 159 0
12 6 9 159 0
12 7 9 159 0
12 3 9 159 0
12 2 9 159 0
12 10 9 159 0
12 9 9 159 0
12 8 9 159 0
14 11 9 159 0
14 19 9 159 0
14 12 9 159 0
14 13 9 159 0
14 14 9 159 0
29 13 9 159 0
29 14 9 159 0
29 12 9 159 0
29 15 9 159 0
29 10 9 159 0
29 11 9 159 0
29 2 9 159 0
29 16 9 159 0
29 1 9 159 0
29 17 9 159 0
29 19 9 159 0
29 3 9 159 0
29 9 9 159 0
29 4 9 159 0
28 19 9 159 0
28 10 9 159 0
28 17 9 159 0
29 8 9 159 0
29 7 9 159 0
29 5 9 159 0
29 6 9 159 0
30 17 9 159 0
30 19 9 159 0
30 10 9 159 0
30 18 9 159 0
31 10 9 159 0
31 17 9 159 0
21 17 9 159 0
21 10 9 159 0
21 19 9 159 0
22 10 9 159 0
22 17 9 159 0
20 17 9 159 0
20 19 9 159 0
20 10 9 159 0
22 19 9 159 0
23 10 9 159 0
23 17 9 159 0
23 19 9 159 0
19 15 9 159 0
19 14 9 159 0
19 16 9 159 0
19 17 9 159 0
19 13 9 159 0
26 10 9 159 0
26 19 9 159 0
26 17 9 159 0
27 10 9 159 0
27 19 9 159 0
27 17 9 159 0
25 17 9 159 0
25 19 9 159 0
25 10 9 159 0
24 10 9 159 0
24 17 9 159 0
24 19 9 159 0
7 19 9 159 0
6 19 9 159 0
6 17 9 159 0
7 17 9 159 0
5 17 9 159 0
5 19 9 159 0
9 19 9 159 0
9 17 9 159 0
10 19 9 159 0
10 17 9 159 0
8 19 9 159 0
8 17 9 159 0
2 16 9 159 0
2 17 9 159 0
2 19 9 159 0
2 15 9 159 0
2 14 9 159 0
2 13 9 159 0
4 17 9 159 0
4 19 9 159 0
3 19 9 159 0
3 17 9 159 0
11 13 9 159 0
11 12 9 159 0
11 14 9 159 0
11 10 9 159 0
11 9 9 159 0
11 11 9 159 0
12 1 9 159 0
11 1 9 159 0
11 19 9 159 0
11 15 9 159 0
11 16 9 159 0
11 17 9 159 0
11 2 9 159 0
11 3 9 159 0
11 4 9 159 0
11 7 9 159 0
11 8 9 159 0
11 5 9 159 0
11 6 9 159 0
0 8 9 159 0
0 7 9 159 0
0 9 9 159 0
0 5 9 159 0
0 4 9 159 0
0 6 9 159 0
0 13 9 159 0
0 12 9 159 0
0 14 9 159 0
0 10 9 159 0
0 11 9 159 0
31 18 9 159 0
31 19 9 159 0
0 2 9 159 0
0 3 9 159 0
0 1 9 159 0
1 1 9 159 0
0 19 9 159 0
2 6 9 159 0
2 5 9 159 0
2 7 9 159 0
2 8 9 159 0
2 3 9 159 0
2 4 9 159 0
2 11 9 159 0
2 12 9 159 0
2 10 9 159 0
2 9 9 159 0
1 17 9 159 0
1 19 9 159 0
1 18 9 159 0
0 15 9 159 0
0 16 9 159 0
0 17 9 159 0
2 1 9 159 0
2 2 9 159 0
2 18 9 159 0
12 13 9 159 0
29 2 10 159 0
29 3 10 159 0
29 1 10 159 0
29 4 10 159 0
29 16 10 159 0
29 17 10 159 0
29 19 10 159 0
29 15 10 159 0
29 8 10 159 0
29 7 10 159 0
29 9 10 159 0
29 5 10 159 0
29 6 10 159 0
29 10 10 159 0
29 14 10 159 0
29 13 10 159 0
29 11 10 159 0
29 12 10 159 0
30 18 10 159 0
30 17 10 159 0
30 19 10 159 0
30 10 10 159 0
31 17 10 159 0
31 10 10 159 0
31 18 10 159 0
0 19 10 159 0
1 1 10 159 0
0 1 10 159 0
0 2 10 159 0
0 3 10 159 0
31 19 10 159 0
23 10 10 159 0
22 10 10 159 0
22 17 10 159 0
23 17 10 159 0
22 19 10 159 0
23 19 10 159 0
24 10 10 159 0
24 17 10 159 0
24 19 10 159 0
20 17 10 159 0
20 19 10 159 0
20 10 10 159 0
19 19 10 159 0
19 17 10 159 0
19 10 10 159 0
21 17 10 159 0
21 10 10 159 0
21 19 10 159 0
28 19 10 159 0
28 10 10 159 0
28 17 10 159 0
27 10 10 159 0
27 19 10 159 0
27 17 10 159 0
25 10 10 159 0
25 17 10 159 0
25 19 10 159 0
26 10 10 159 0
26 17 10 159 0
26 19 10 159 0
11 8 10 159 0
11 19 10 159 0
11 17 10 159 0
11 9 10 159 0
11 12 10 159 0
11 11 10 159 0
11 10 10 159 0
10 17 10 159 0
10 19 10 159 0
9 19 10 159 0
9 17 10 159 0
11 4 10 159 0
11 3 10 159 0
11 5 10 159 0
11 13 10 159 0
11 2 10 159 0
11 1 10 159 0
6 17 10 159 0
6 19 10 159 0
7 17 10 159 0
7 19 10 159 0
5 19 10 159 0
5 17 10 159 0
4 19 10 159 0
4 17 10 159 0
8 19 10 159 0
8 17 10 159 0
12 2 10 159 0
12 3 10 159 0
12 1 10 159 0
12 19 10 159 0
12 4 10 159 0
11 16 10 159 0
12 7 10 159 0
12 8 10 159 0
12 6 10 159 0
12 9 10 159 0
12 5 10 159 0
11 6 10 159 0
11 7 10 159 0
11 15 10 159 0
11 14 10 159 0
1 17 10 159 0
0 16 10 159 0
0 17 10 159 0
1 19 10 159 0
1 18 10 159 0
0 14 10 159 0
0 13 10 159 0
0 15 10 159 0
2 17 10 159 0
2 19 10 159 0
2 1 10 159 0
0 6 10 159 0
0 7 10 159 0
0 5 10 159 0
0 8 10 159 0
0 4 10 159 0
0 11 10 159 0
0 12 10 159 0
0 10 10 159 0
0 9 10 159 0
2 15 10 159 0
2 16 10 159 0
2 14 10 159 0
2 13 10 159 0
2 12 10 159 0
3 19 10 159 0
3 17 10 159 0
2 5 10 159 0
2 4 10 159 0
2 6 10 159 0
2 2 10 159 0
2 3 10 159 0
2 10 10 159 0
2 9 10 159 0
2 11 10 159 0
2 7 10 159 0
2 8 10 159 0
12 10 10 159 0
2 18 10 159 0
17 19 10 159 0
17 4 10 159 0
17 5 10 159 0
17 6 10 159 0
18 6 10 159 0
18 5 10 159 0
18 4 10 159 0
17 7 10 159 0
17 8 10 159 0
18 19 10 159 0
18 10 10 159 0
18 1 10 159 0
16 11 10 159 0
16 12 10 159 0
16 13 10 159 0
16 19 10 159 0
17 11 10 159 0
17 12 10 159 0
17 13 10 159 0
17 9 10 159 0
17 10 10 159 0
18 2 10 159 0
19 11 10 159 0
19 9 10 159 0
19 12 10 159 0
19 8 10 159 0
19 7 10 159 0
19 16 10 159 0
19 15 10 159 0
19 13 10 159 0
19 14 10 159 0
19 1 10 159 0
19 2 10 159 0
18 3 10 159 0
19 5 10 159 0
19 4 10 159 0
19 6 10 159 0
19 3 10 159 0
14 11 10 159 0
13 13 10 159 0
13 19 10 159 0
13 11 10 159 0
13 12 10 159 0
14 12 10 159 0
14 13 10 159 0
14 19 10 159 0
14 14 10 159 0
12 11 10 159 0
13 10 10 159 0
12 12 10 159 0
13 9 10 159 0
15 13 10 159 0
15 12 10 159 0
15 11 10 159 0
15 19 10 159 0
16 10 10 159 0
15 10 10 159 0
14 16 9 159 0
13 14 9 159 0
13 16 9 159 0
18 9 9 159 0
18 8 9 159 0
18 7 9 159 0
15 14 9 159 0
17 12 9 159 0
17 13 9 159 0
1 16 9 159 0
12 12 11 159 0
13 12 11 159 0
13 13 11 159 0
18 7 10 159 0
18 9 10 159 0
14 14 11 159 0
13 8 10 159 0
16 7 11 159 0
9 8 5 159 0
9 8 8 159 0
9 8 9 159 0
9 8 10 159 0
9 8 11 159 0
9 8 12 159 0
9 8 13 159 0
9 9 5 159 0
9 9 8 159 0
9 9 9 159 0
9 9 10 159 0
9 9 11 159 0
9 9 12 159 0
9 9 13 159 0
9 10 5 159 0
9 10 8 159 0
9 10 9 159 0
9 10 10 159 0
9 10 11 159 0
9 10 12 159 0
9 10 13 159 0
9 11 5 159 0
9 11 8 159 0
9 11 9 159 0
9 11 10 159 0
9 11 11 159 0
9 11 12 159 0
9 11 13 159 0
9 12 5 159 0
9 12 8 159 0
9 12 9 159 0
9 12 10 159 0
9 12 11 159 0
9 12 12 159 0
9 12 13 159 0
9 13 5 159 0
9 13 8 159 0
9 13 9 159 0
9 13 10 159 0
9 13 11 159 0
9 13 12 159 0
9 13 13 159 0
9 14 5 159 0
9 14 8 159 0
9 14 9 159 0
9 14 10 159 0
9 14 11 159 0
9 14 12 159 0
9 14 13 159 0
9 15 5 159 0
9 15 8 159 0
9 15 9 159 0
9 15 10 159 0
9 15 11 159 0
9 15 12 159 0
9 15 13 159 0
9 16 8 159 0
9 16 9 159 0
9 16 10 159 0
9 16 11 159 0
9 16 12 159 0
9 16 13 159 0
10 8 5 159 0
10 8 8 159 0
10 8 9 159 0
10 8 10 159 0
10 8 11 159 0
10 8 12 159 0
10 8 13 159 0
10 9 5 159 0
10 9 8 159 0
10 9 9 159 0
10 9 10 159 0
10 9 11 159 0
10 9 12 159 0
10 9 13 159 0
10 10 5 159 0
10 10 8 159 0
10 10 9 159 0
10 10 10 159 0
10 10 11 159 0
10 10 12 159 0
10 10 13 159 0
10 11 5 159 0
10 11 8 159 0
10 11 9 159 0
10 11 10 159 0
10 11 11 159 0
10 11 12 159 0
10 11 13 159 0
10 12 5 159 0
10 12 8 159 0
10 12 9 159 0
10 12 10 159 0
10 12 11 159 0
10 12 12 159 0
10 12 13 159 0
10 13 5 159 0
10 13 8 159 0
10 13 9 159 0
10 13 10 159 0
10 13 11 159 0
10 13 12 159 0
10 13 13 159 0
10 14 5 159 0
10 14 8 159 0
10 14 9 159 0
10 14 10 159 0
10 14 11 159 0
10 14 12 159 0
10 14 13 159 0
10 15 5 159 0
10 15 8 159 0
10 15 9 159 0
10 15 10 159 0
10 15 11 159 0
10 15 12 159 0
10 15 13 159 0
10 16 8 159 0
10 16 9 159 0
10 16 10 159 0
10 16 11 159 0
10 16 12 159 0
10 16 13 159 0
11 8 5 159 0
11 9 5 159 0
11 10 5 159 0
11 11 5 159 0
11 12 5 159 0
11 13 5 159 0
11 14 5 159 0
11 15 5 159 0
12 8 5 159 0
12 9 5 159 0
12 10 5 159 0
12 11 5 159 0
12 12 5 159 0
12 12 12 159 0
12 12 13 159 0
12 13 5 159 0
12 13 10 159 0
12 13 11 159 0
12 13 12 159 0
12 13 13 159 0
12 14 5 159 0
12 14 8 159 0
12 14 9 159 0
12 14 10 159 0
12 14 11 159 0
12 14 12 159 0
12 14 13 159 0
12 15 5 159 0
12 15 8 159 0
12 15 9 159 0
12 15 10 159 0
12 15 11 159 0
12 15 12 159 0
12 15 13 159 0
12 16 5 159 0
12 16 8 159 0
12 16 9 159 0
12 16 10 159 0
12 16 11 159 0
12 16 12 159 0
12 16 13 159 0
13 8 5 159 0
13 8 8 159 0
13 8 9 159 0
13 9 5 159 0
13 10 5 159 0
13 11 5 159 0
13 12 5 159 0
13 12 12 159 0
13 12 13 159 0
13 13 5 159 0
13 13 12 159 0
13 13 13 159 0
13 14 5 159 0
13 14 6 159 0
13 14 10 159 0
13 14 11 159 0
13 14 12 159 0
13 14 13 159 0
13 15 5 159 0
13 15 6 159 0
13 15 9 159 0
13 15 10 159 0
13 15 11 159 0
13 15 12 159 0
13 15 13 159 0
13 16 5 159 0
13 16 10 159 0
13 16 11 159 0
13 16 12 159 0
13 16 13 159 0
14 8 5 159 0
14 8 8 159 0
14 8 9 159 0
14 8 10 159 0
14 8 11 159 0
14 8 12 159 0
14 8 13 159 0
14 9 5 159 0
14 9 8 159 0
14 9 9 159 0
14 9 10 159 0
14 9 11 159 0
14 9 12 159 0
14 9 13 159 0
14 10 5 159 0
14 10 8 159 0
14 10 9 159 0
14 10 10 159 0
14 11 5 159 0
14 12 5 159 0
14 13 5 159 0
14 14 5 159 0
14 14 12 159 0
14 15 5 159 0
14 15 6 159 0
14 15 9 159 0
14 15 10 159 0
14 15 11 159 0
14 15 12 159 0
14 15 13 159 0
14 16 5 159 0
14 16 6 159 0
14 16 10 159 0
14 16 11 159 0
14 16 12 159 0
14 16 13 159 0
15 8 5 159 0
15 8 8 159 0
15 8 9 159 0
15 8 10 159 0
15 8 11 159 0
15 8 12 159 0
15 8 13 159 0
15 9 5 159 0
15 9 8 159 0
15 9 9 159 0
15 9 10 159 0
15 9 11 159 0
15 9 12 159 0
15 9 13 159 0
15 10 5 159 0
15 11 5 159 0
15 12 5 159 0
15 13 5 159 0
15 14 5 159 0
15 14 10 159 0
15 14 11 159 0
15 14 12 159 0
15 15 5 159 0
15 15 6 159 0
15 15 9 159 0
15 15 10 159 0
15 15 11 159 0
15 15 12 159 0
15 15 13 159 0
15 16 5 159 0
15 16 6 159 0
15 16 9 159 0
15 16 10 159 0
15 16 11 159 0
15 16 12 159 0
15 16 13 159 0
16 8 5 159 0
16 8 8 159 0
16 8 9 159 0
16 8 10 159 0
16 8 13 159 0
16 9 5 159 0
16 9 8 159 0
16 9 9 159 0
16 9 10 159 0
16 10 5 159 0
16 11 5 159 0
16 12 5 159 0
16 13 5 159 0
16 14 5 159 0
16 14 9 159 0
16 14 10 159 0
16 14 11 159 0
16 14 12 159 0
16 14 13 159 0
16 15 5 159 0
16 15 6 159 0
16 15 8 159 0
16 15 9 159 0
16 15 10 159 0
16 15 11 159 0
16 15 12 159 0
16 15 13 159 0
16 16 5 159 0
16 16 6 159 0
16 16 9 159 0
16 16 10 159 0
16 16 11 159 0
16 16 12 159 0
16 16 13 159 0
29 0 18 159 0
31 0 18 159 0
31 9 18 159 0
31 1 18 159 0
30 0 18 159 0
30 9 18 159 0
30 1 18 159 0
31 11 18 159 0
31 12 18 159 0
28 0 18 159 0
28 9 18 159 0
28 1 18 159 0
27 9 18 159 0
27 1 18 159 0
27 0 18 159 0
26 0 18 159 0
26 9 18 159 0
26 1 18 159 0
8 1 18 159 0
8 0 18 159 0
7 1 18 159 0
7 0 18 159 0
9 1 18 159 0
9 0 18 159 0
6 1 18 159 0
6 0 18 159 0
5 1 18 159 0
5 0 18 159 0
11 0 18 159 0
12 0 18 159 0
10 0 18 159 0
10 1 18 159 0
0 18 18 159 0
0 0 18 159 0
1 0 18 159 0
4 0 18 159 0
4 1 18 159 0
3 0 18 159 0
3 1 18 159 0
2 0 18 159 0
14 1 18 159 0
14 0 18 159 0
13 1 18 159 0
13 0 18 159 0
15 0 18 159 0
15 1 18 159 0
17 1 18 159 0
17 0 18 159 0
16 1 18 159 0
16 0 18 159 0
17 18 18 159 0
23 9 18 159 0
23 1 18 159 0
23 0 18 159 0
24 0 18 159 0
24 9 18 159 0
24 1 18 159 0
22 1 18 159 0
22 9 18 159 0
22 0 18 159 0
21 9 18 159 0
21 1 18 159 0
21 0 18 159 0
25 9 18 159 0
25 1 18 159 0
25 0 18 159 0
18 0 18 159 0
19 0 18 159 0
18 18 18 159 0
20 9 18 159 0
20 1 18 159 0
20 0 18 159 0
18 0 19 159 0
19 0 19 159 0
17 0 19 159 0
21 9 19 159 0
21 0 19 159 0
20 9 19 159 0
20 0 19 159 0
22 9 19 159 0
22 0 19 159 0
14 0 19 159 0
13 0 19 159 0
15 1 19 159 0
15 0 19 159 0
16 1 19 159 0
16 0 19 159 0
28 9 19 159 0
28 0 19 159 0
29 0 19 159 0
27 9 19 159 0
27 0 19 159 0
23 0 19 159 0
23 9 19 159 0
24 9 19 159 0
24 0 19 159 0
26 0 19 159 0
26 9 19 159 0
25 9 19 159 0
25 0 19 159 0
31 9 19 159 0
31 1 19 159 0
31 0 19 159 0
30 1 19 159 0
30 0 19 159 0
30 9 19 159 0
31 12 19 159 0
8 0 19 159 0
8 1 19 159 0
9 0 19 159 0
10 0 19 159 0
6 1 19 159 0
7 1 19 159 0
7 0 19 159 0
6 0 19 159 0
12 0 19 159 0
11 0 19 159 0
1 0 19 159 0
0 0 19 159 0
2 0 19 159 0
0 18 19 159 0
5 1 19 159 0
5 0 19 159 0
4 1 19 159 0
4 0 19 159 0
3 0 19 159 0
3 1 19 159 0
14 18 18 159 0
4 9 19 159 0
4 10 19 159 0
5 9 19 159 0
3 9 19 159 0
3 10 19 159 0
9 9 19 159 0
8 10 19 159 0
8 9 19 159 0
10 9 19 159 0
6 10 19 159 0
6 9 19 159 0
7 9 19 159 0
16 8 19 159 0
16 2 19 159 0
16 6 19 159 0
16 7 19 159 0
15 8 19 159 0
15 2 19 159 0
16 5 19 159 0
16 3 19 159 0
8 0 20 159 0
7 0 20 159 0
9 0 20 159 0
6 0 20 159 0
10 0 20 159 0
11 0 20 159 0
3 0 20 159 0
2 0 20 159 0
4 0 20 159 0
5 0 20 159 0
12 0 20 159 0
13 0 20 159 0
14 0 20 159 0
0 0 20 159 0
0 18 20 159 0
31 11 19 159 0
1 0 20 159 0
23 0 20 159 0
24 0 20 159 0
22 0 20 159 0
25 0 20 159 0
21 0 20 159 0
20 0 20 159 0
26 0 20 159 0
27 0 20 159 0
28 0 20 159 0
18 0 20 159 0
17 0 20 159 0
19 0 20 159 0
15 0 20 159 0
16 0 20 159 0
15 7 19 159 0
15 5 19 159 0
15 6 19 159 0
15 4 19 159 0
15 3 19 159 0
16 4 19 159 0
0 0 16 159 0
31 1 16 159 0
31 9 16 159 0
31 0 16 159 0
1 0 16 159 0
0 18 16 159 0
31 12 16 159 0
3 1 16 159 0
3 0 16 159 0
4 1 16 159 0
4 0 16 159 0
2 0 16 159 0
29 0 16 159 0
30 0 16 159 0
30 1 16 159 0
30 9 16 159 0
13 18 16 159 0
13 1 16 159 0
13 0 16 159 0
14 1 16 159 0
14 17 16 159 0
14 0 16 159 0
14 18 16 159 0
12 0 16 159 0
16 17 16 159 0
17 1 16 159 0
17 0 16 159 0
17 17 16 159 0
16 1 16 159 0
16 0 16 159 0
17 18 16 159 0
15 17 16 159 0
15 1 16 159 0
15 0 16 159 0
7 1 16 159 0
7 0 16 159 0
6 1 16 159 0
6 0 16 159 0
8 0 16 159 0
8 1 16 159 0
5 0 16 159 0
5 1 16 159 0
11 0 16 159 0
10 1 16 159 0
10 0 16 159 0
9 1 16 159 0
9 0 16 159 0
18 0 16 159 0
18 18 16 159 0
18 17 16 159 0
18 10 16 159 0
20 9 16 159 0
20 1 16 159 0
19 0 16 159 0
20 0 16 159 0
27 1 16 159 0
27 9 16 159 0
27 0 16 159 0
28 9 16 159 0
28 1 16 159 0
28 0 16 159 0
26 0 16 159 0
26 1 16 159 0
26 9 16 159 0
25 1 16 159 0
25 9 16 159 0
25 0 16 159 0
22 9 16 159 0
22 1 16 159 0
22 0 16 159 0
23 1 16 159 0
23 9 16 159 0
23 0 16 159 0
21 9 16 159 0
21 1 16 159 0
21 0 16 159 0
24 9 16 159 0
24 1 16 159 0
24 0 16 159 0
31 11 16 159 0
23 0 15 159 0
24 0 15 159 0
23 9 15 159 0
23 1 15 159 0
24 1 15 159 0
24 9 15 159 0
22 9 15 159 0
22 1 15 159 0
22 0 15 159 0
26 0 15 159 0
26 1 15 159 0
26 9 15 159 0
25 9 15 159 0
25 1 15 159 0
27 9 15 159 0
27 1 15 159 0
27 0 15 159 0
25 0 15 159 0
19 0 15 159 0
18 17 15 159 0
18 10 15 159 0
18 9 15 159 0
18 0 15 159 0
18 18 15 159 0
17 18 15 159 0
17 1 15 159 0
17 0 15 159 0
21 9 15 159 0
21 1 15 159 0
21 0 15 159 0
20 9 15 159 0
20 1 15 159 0
20 0 15 159 0
29 0 15 159 0
30 1 15 159 0
30 0 15 159 0
30 9 15 159 0
31 0 15 159 0
31 9 15 159 0
31 1 15 159 0
31 11 15 159 0
31 12 15 159 0
28 9 15 159 0
28 1 15 159 0
28 0 15 159 0
0 0 15 159 0
0 18 15 159 0
1 0 15 159 0
4 0 15 159 0
4 1 15 159 0
3 1 15 159 0
3 0 15 159 0
5 1 15 159 0
5 0 15 159 0
2 0 15 159 0
13 18 15 159 0
13 1 15 159 0
13 0 15 159 0
14 0 15 159 0
14 17 15 159 0
14 1 15 159 0
14 18 15 159 0
12 0 15 159 0
13 17 15 159 0
17 17 15 159 0
16 17 15 159 0
16 1 15 159 0
16 0 15 159 0
15 0 15 159 0
15 17 15 159 0
15 1 15 159 0
7 1 15 159 0
7 0 15 159 0
8 0 15 159 0
8 1 15 159 0
9 1 15 159 0
9 0 15 159 0
6 1 15 159 0
6 0 15 159 0
11 0 15 159 0
10 1 15 159 0
10 0 15 159 0
12 0 17 159 0
11 0 17 159 0
10 1 17 159 0
10 0 17 159 0
12 15 17 159 0
12 16 17 159 0
13 1 17 159 0
13 0 17 159 0
13 18 17 159 0
12 13 17 159 0
12 14 17 159 0
12 12 17 159 0
5 1 17 159 0
5 0 17 159 0
4 1 17 159 0
4 0 17 159 0
6 0 17 159 0
6 1 17 159 0
3 1 17 159 0
3 0 17 159 0
2 0 17 159 0
9 0 17 159 0
9 1 17 159 0
8 1 17 159 0
8 0 17 159 0
7 1 17 159 0
7 0 17 159 0
19 0 17 159 0
20 9 17 159 0
20 1 17 159 0
20 0 17 159 0
18 17 17 159 0
18 0 17 159 0
22 1 17 159 0
22 9 17 159 0
22 0 17 159 0
21 9 17 159 0
21 1 17 159 0
21 0 17 159 0
14 1 17 159 0
14 0 17 159 0
15 0 17 159 0
15 1 17 159 0
16 0 17 159 0
16 1 17 159 0
14 18 17 159 0
17 18 17 159 0
17 0 17 159 0
17 1 17 159 0
18 18 17 159 0
26 9 17 159 0
26 1 17 159 0
26 0 17 159 0
25 9 17 159 0
25 1 17 159 0
25 0 17 159 0
24 9 17 159 0
24 1 17 159 0
24 0 17 159 0
28 0 17 159 0
28 9 17 159 0
28 1 17 159 0
29 0 17 159 0
27 0 17 159 0
27 9 17 159 0
27 1 17 159 0
23 9 17 159 0
23 1 17 159 0
23 0 17 159 0
31 9 17 159 0
31 1 17 159 0
31 0 17 159 0
30 9 17 159 0
30 1 17 159 0
30 0 17 159 0
31 12 17 159 0
1 0 17 159 0
0 0 17 159 0
0 18 17 159 0
31 11 17 159 0
31 18 22 159 0
31 9 22 159 0
31 1 22 159 0
31 0 22 159 0
31 17 22 159 0
30 9 22 159 0
30 1 22 159 0
30 0 22 159 0
29 0 22 159 0
29 9 22 159 0
29 1 22 159 0
1 0 22 159 0
2 0 22 159 0
1 14 22 159 0
0 0 22 159 0
0 18 22 159 0
26 1 22 159 0
26 9 22 159 0
26 0 22 159 0
27 0 22 159 0
27 9 22 159 0
27 1 22 159 0
25 0 22 159 0
25 1 22 159 0
25 9 22 159 0
24 9 22 159 0
24 1 22 159 0
24 0 22 159 0
28 9 22 159 0
28 1 22 159 0
28 0 22 159 0
12 0 22 159 0
11 0 22 159 0
13 0 22 159 0
13 1 22 159 0
10 0 22 159 0
10 1 22 159 0
17 0 22 159 0
17 1 22 159 0
16 1 22 159 0
16 0 22 159 0
15 1 22 159 0
15 0 22 159 0
18 0 22 159 0
14 1 22 159 0
14 0 22 159 0
5 1 22 159 0
5 0 22 159 0
4 1 22 159 0
4 0 22 159 0
6 1 22 159 0
6 0 22 159 0
3 1 22 159 0
3 0 22 159 0
9 1 22 159 0
9 0 22 159 0
8 1 22 159 0
8 0 22 159 0
7 1 22 159 0
7 0 22 159 0
21 0 22 159 0
21 1 22 159 0
21 9 22 159 0
22 0 22 159 0
22 9 22 159 0
22 1 22 159 0
20 0 22 159 0
20 9 22 159 0
20 1 22 159 0
19 0 22 159 0
23 9 22 159 0
23 1 22 159 0
23 0 22 159 0
26 1 23 159 0
26 9 23 159 0
26 0 23 159 0
27 9 23 159 0
27 1 23 159 0
27 0 23 159 0
25 0 23 159 0
25 1 23 159 0
25 9 23 159 0
29 9 23 159 0
29 1 23 159 0
29 0 23 159 0
28 9 23 159 0
28 1 23 159 0
28 0 23 159 0
30 1 23 159 0
30 0 23 159 0
30 9 23 159 0
21 9 23 159 0
21 1 23 159 0
21 0 23 159 0
22 0 23 159 0
22 9 23 159 0
22 1 23 159 0
20 9 23 159 0
20 1 23 159 0
20 0 23 159 0
24 1 23 159 0
24 9 23 159 0
24 0 23 159 0
23 9 23 159 0
23 1 23 159 0
23 0 23 159 0
5 1 23 159 0
5 0 23 159 0
6 0 23 159 0
6 1 23 159 0
3 1 23 159 0
3 0 23 159 0
4 0 23 159 0
4 1 23 159 0
9 1 23 159 0
9 0 23 159 0
8 1 23 159 0
8 0 23 159 0
10 1 23 159 0
10 0 23 159 0
7 1 23 159 0
7 0 23 159 0
31 9 23 159 0
31 1 23 159 0
31 0 23 159 0
31 18 23 159 0
0 0 23 159 0
31 17 23 159 0
2 0 23 159 0
1 0 23 159 0
0 18 23 159 0
17 0 23 159 0
17 1 23 159 0
16 1 23 159 0
16 0 23 159 0
15 1 23 159 0
18 0 23 159 0
15 0 23 159 0
13 1 23 159 0
13 0 23 159 0
14 0 23 159 0
14 1 23 159 0
19 0 23 159 0
12 0 23 159 0
11 0 23 159 0
22 9 21 159 0
22 1 21 159 0
22 0 21 159 0
23 0 21 159 0
23 1 21 159 0
23 9 21 159 0
21 0 21 159 0
21 1 21 159 0
21 9 21 159 0
20 9 21 159 0
20 1 21 159 0
25 9 21 159 0
25 1 21 159 0
25 0 21 159 0
24 0 21 159 0
24 1 21 159 0
24 9 21 159 0
20 0 21 159 0
18 0 21 159 0
15 1 21 159 0
15 0 21 159 0
16 0 21 159 0
16 1 21 159 0
14 0 21 159 0
14 1 21 159 0
17 0 21 159 0
17 1 21 159 0
19 0 21 159 0
0 0 21 159 0
31 1 21 159 0
31 0 21 159 0
0 18 21 159 0
31 17 21 159 0
31 9 21 159 0
30 1 21 159 0
30 9 21 159 0
30 0 21 159 0
31 12 21 159 0
3 0 21 159 0
3 1 21 159 0
2 0 21 159 0
4 1 21 159 0
4 0 21 159 0
1 0 21 159 0
1 14 21 159 0
27 0 21 159 0
27 1 21 159 0
27 9 21 159 0
28 9 21 159 0
28 1 21 159 0
28 0 21 159 0
26 0 21 159 0
26 9 21 159 0
26 1 21 159 0
29 9 21 159 0
29 1 21 159 0
29 0 21 159 0
10 1 21 159 0
10 0 21 159 0
9 1 21 159 0
9 0 21 159 0
11 0 21 159 0
8 1 21 159 0
8 0 21 159 0
7 1 21 159 0
7 0 21 159 0
13 1 21 159 0
13 0 21 159 0
12 0 21 159 0
6 0 21 159 0
6 1 21 159 0
5 1 21 159 0
5 0 21 159 0
11 0 24 159 0
12 0 24 159 0
12 0 25 159 0
12 1 25 159 0
13 1 25 159 0
13 0 25 159 0
19 0 25 159 0
19 1 25 159 0
11 0 25 159 0
11 1 25 159 0
14 1 25 159 0
14 0 25 159 0
16 1 25 159 0
17 0 25 159 0
17 1 25 159 0
16 0 25 159 0
15 0 25 159 0
15 1 25 159 0
18 0 25 159 0
18 1 25 159 0
19 0 24 159 0
18 0 24 159 0
13 1 24 159 0
13 0 24 159 0
14 1 24 159 0
15 1 24 159 0
15 0 24 159 0
14 0 24 159 0
16 0 24 159 0
17 1 24 159 0
17 0 24 159 0
16 1 24 159 0
13 0 26 159 0
12 0 26 159 0
14 0 26 159 0
15 0 26 159 0
11 0 26 159 0
18 0 26 159 0
17 0 26 159 0
19 0 26 159 0
16 0 26 159 0
29 0 20 159 0
31 12 20 159 0
31 9 20 159 0
31 1 20 159 0
31 0 20 159 0
31 17 20 159 0
30 0 20 159 0
30 1 20 159 0
30 9 20 159 0
31 11 20 159 0
15 1 20 159 0
16 1 20 159 0
3 9 20 159 0
16 2 20 159 0
15 2 20 159 0
15 8 20 159 0
15 7 20 159 0
15 6 20 159 0
15 4 20 159 0
15 5 20 159 0
15 3 20 159 0
16 4 20 159 0
16 5 20 159 0
16 6 20 159 0
16 3 20 159 0
16 8 20 159 0
16 7 20 159 0
31 11 21 159 0
0 12 6 159 0
0 13 6 159 0
0 14 6 159 0
1 2 7 159 0
1 2 8 159 0
1 2 9 159 0
1 2 10 159 0
1 2 11 159 0
1 2 12 159 0
1 2 13 159 0
1 2 14 159 0
1 2 15 159 0
1 2 16 159 0
1 2 17 159 0
1 2 18 159 0
1 2 19 159 0
1 2 20 159 0
1 2 21 159 0
1 3 7 159 0
1 3 8 159 0
1 3 9 159 0
1 3 10 159 0
1 3 11 159 0
1 3 12 159 0
1 3 13 159 0
1 3 14 159 0
1 3 15 159 0
1 3 16 159 0
1 3 17 159 0
1 3 18 159 0
1 3 19 159 0
1 3 20 159 0
1 3 21 159 0
1 4 7 159 0
1 4 8 159 0
1 4 9 159 0
1 4 10 159 0
1 4 11 159 0
1 4 12 159 0
1 4 13 159 0
1 4 14 159 0
1 4 15 159 0
1 4 16 159 0
1 4 17 159 0
1 4 18 159 0
1 4 19 159 0
1 4 20 159 0
1 4 21 159 0
1 5 7 159 0
1 5 8 159 0
1 5 9 159 0
1 5 10 159 0
1 5 11 159 0
1 5 12 159 0
1 5 13 159 0
1 5 14 159 0
1 5 15 159 0
1 5 16 159 0
1 5 17 159 0
1 5 18 159 0
1 5 19 159 0
1 5 20 159 0
1 5 21 159 0
1 6 7 159 0
1 6 8 159 0
1 6 9 159 0
1 6 10 159 0
1 6 11 159 0
1 6 12 159 0
1 6 13 159 0
1 6 14 159 0
1 6 15 159 0
1 6 16 159 0
1 6 17 159 0
1 6 18 159 0
1 6 19 159 0
1 6 20 159 0
1 6 21 159 0
1 7 7 159 0
1 7 8 159 0
1 7 9 159 0
1 7 10 159 0
1 7 11 159 0
1 7 12 159 0
1 7 13 159 0
1 7 14 159 0
1 7 15 159 0
1 7 16 159 0
1 7 17 159 0
1 7 18 159 0
1 7 19 159 0
1 7 20 159 0
1 7 21 159 0
1 8 7 159 0
1 8 8 159 0
1 8 9 159 0
1 8 10 159 0
1 8 11 159 0
1 8 12 159 0
1 8 13 159 0
1 8 14 159 0
1 8 15 159 0
1 8 16 159 0
1 8 17 159 0
1 8 18 159 0
1 8 19 159 0
1 8 20 159 0
1 8 21 159 0
1 9 8 159 0
1 9 9 159 0
1 9 10 159 0
1 9 11 159 0
1 9 12 159 0
1 9 13 159 0
1 9 14 159 0
1 9 15 159 0
1 9 16 159 0
1 9 17 159 0
1 9 18 159 0
1 9 19 159 0
1 9 20 159 0
1 9 21 159 0
1 10 8 159 0
1 10 9 159 0
1 10 10 159 0
1 10 11 159 0
1 10 12 159 0
1 10 13 159 0
1 10 14 159 0
1 10 15 159 0
1 10 16 159 0
1 10 17 159 0
1 10 18 159 0
1 10 19 159 0
1 10 20 159 0
1 10 21 159 0
1 11 8 159 0
1 11 9 159 0
1 11 10 159 0
1 11 11 159 0
1 11 12 159 0
1 11 13 159 0
1 11 14 159 0
1 11 15 159 0
1 11 16 159 0
1 11 17 159 0
1 11 18 159 0
1 11 19 159 0
1 11 20 159 0
1 11 21 159 0
1 12 8 159 0
1 12 9 159 0
1 12 10 159 0
1 12 11 159 0
1 12 12 159 0
1 12 13 159 0
1 12 14 159 0
1 12 15 159 0
1 12 16 159 0
1 12 17 159 0
1 12 18 159 0
1 12 19 159 0
1 12 20 159 0
1 12 21 159 0
1 13 8 159 0
1 13 9 159 0
1 13 10 159 0
1 13 11 159 0
1 13 12 159 0
1 13 13 159 0
1 13 14 159 0
1 13 15 159 0
1 13 16 159 0
1 13 17 159 0
1 13 18 159 0
1 13 19 159 0
1 13 20 159 0
1 13 21 159 0
1 14 8 159 0
1 14 9 159 0
1 14 10 159 0
1 14 11 159 0
1 14 12 159 0
1 14 13 159 0
1 14 14 159 0
1 14 15 159 0
1 14 16 159 0
1 14 17 159 0
1 14 18 159 0
1 14 19 159 0
1 14 20 159 0
13 0 9 159 0
13 18 9 159 0
13 1 9 159 0
14 17 9 159 0
14 1 9 159 0
14 0 9 159 0
14 18 9 159 0
12 0 9 159 0
12 17 9 159 0
13 17 9 159 0
16 17 9 159 0
16 1 9 159 0
16 0 9 159 0
15 1 9 159 0
15 17 9 159 0
15 0 9 159 0
17 17 9 159 0
17 1 9 159 0
17 0 9 159 0
7 1 9 159 0
7 0 9 159 0
8 0 9 159 0
8 1 9 159 0
5 1 9 159 0
5 0 9 159 0
6 1 9 159 0
6 0 9 159 0
11 0 9 159 0
10 1 9 159 0
10 0 9 159 0
9 1 9 159 0
9 0 9 159 0
22 1 9 159 0
23 1 9 159 0
23 9 9 159 0
23 0 9 159 0
22 9 9 159 0
22 0 9 159 0
21 1 9 159 0
21 9 9 159 0
21 0 9 159 0
25 9 9 159 0
25 1 9 159 0
25 0 9 159 0
26 0 9 159 0
26 1 9 159 0
26 9 9 159 0
24 9 9 159 0
24 1 9 159 0
24 0 9 159 0
18 0 9 159 0
18 17 9 159 0
18 18 9 159 0
19 0 9 159 0
17 18 9 159 0
20 0 9 159 0
20 1 9 159 0
20 9 9 159 0
27 9 9 159 0
27 1 9 159 0
27 0 9 159 0
28 0 9 159 0
28 9 9 159 0
28 1 9 159 0
29 0 9 159 0
0 0 9 159 0
0 18 9 159 0
1 0 9 159 0
31 0 9 159 0
31 12 9 159 0
31 9 9 159 0
31 1 9 159 0
3 1 9 159 0
3 0 9 159 0
4 0 9 159 0
4 1 9 159 0
2 0 9 159 0
30 0 9 159 0
30 9 9 159 0
30 1 9 159 0
31 11 9 159 0
14 17 8 159 0
14 1 8 159 0
14 0 8 159 0
14 18 8 159 0
15 17 8 159 0
15 1 8 159 0
15 0 8 159 0
13 18 8 159 0
13 1 8 159 0
13 0 8 159 0
16 17 8 159 0
16 1 8 159 0
16 0 8 159 0
16 18 8 159 0
17 17 8 159 0
17 1 8 159 0
17 0 8 159 0
17 18 8 159 0
9 1 8 159 0
9 0 8 159 0
8 1 8 159 0
8 0 8 159 0
10 0 8 159 0
10 1 8 159 0
7 0 8 159 0
7 1 8 159 0
6 1 8 159 0
6 0 8 159 0
12 0 8 159 0
12 17 8 159 0
13 17 8 159 0
11 0 8 159 0
23 0 8 159 0
22 9 8 159 0
23 9 8 159 0
22 1 8 159 0
23 1 8 159 0
22 0 8 159 0
21 9 8 159 0
21 1 8 159 0
21 0 8 159 0
25 0 8 159 0
25 1 8 159 0
25 9 8 159 0
26 9 8 159 0
26 1 8 159 0
26 0 8 159 0
24 0 8 159 0
24 1 8 159 0
24 9 8 159 0
18 0 8 159 0
18 17 8 159 0
18 18 8 159 0
19 0 8 159 0
20 9 8 159 0
20 1 8 159 0
20 0 8 159 0
28 1 8 159 0
28 9 8 159 0
28 0 8 159 0
29 0 8 159 0
27 0 8 159 0
27 1 8 159 0
27 9 8 159 0
1 0 8 159 0
2 0 8 159 0
3 1 8 159 0
3 0 8 159 0
0 0 8 159 0
31 9 8 159 0
31 1 8 159 0
0 18 8 159 0
5 1 8 159 0
5 0 8 159 0
4 1 8 159 0
4 0 8 159 0
31 0 8 159 0
31 12 8 159 0
30 9 8 159 0
30 1 8 159 0
30 0 8 159 0
31 11 8 159 0
15 18 8 159 0
18 0 10 159 0
18 17 10 159 0
19 0 10 159 0
18 18 10 159 0
17 18 10 159 0
17 1 10 159 0
17 0 10 159 0
21 9 10 159 0
21 1 10 159 0
21 0 10 159 0
20 9 10 159 0
20 1 10 159 0
20 0 10 159 0
14 18 10 159 0
14 17 10 159 0
14 1 10 159 0
14 0 10 159 0
13 18 10 159 0
13 1 10 159 0
13 0 10 159 0
13 17 10 159 0
12 17 10 159 0
12 0 10 159 0
17 17 10 159 0
16 17 10 159 0
16 0 10 159 0
16 1 10 159 0
15 17 10 159 0
15 1 10 159 0
15 0 10 159 0
28 0 10 159 0
28 1 10 159 0
28 9 10 159 0
29 0 10 159 0
27 0 10 159 0
27 1 10 159 0
27 9 10 159 0
26 1 10 159 0
26 9 10 159 0
26 0 10 159 0
23 9 10 159 0
23 1 10 159 0
23 0 10 159 0
24 1 10 159 0
24 9 10 159 0
24 0 10 159 0
22 9 10 159 0
22 1 10 159 0
22 0 10 159 0
25 9 10 159 0
25 1 10 159 0
25 0 10 159 0
30 1 10 159 0
30 9 10 159 0
30 0 10 159 0
31 0 10 159 0
31 9 10 159 0
31 1 10 159 0
31 12 10 159 0
31 11 10 159 0
8 1 10 159 0
8 0 10 159 0
7 1 10 159 0
7 0 10 159 0
9 1 10 159 0
9 0 10 159 0
6 1 10 159 0
6 0 10 159 0
5 1 10 159 0
5 0 10 159 0
11 0 10 159 0
10 0 10 159 0
10 1 10 159 0
0 0 10 159 0
1 0 10 159 0
0 18 10 159 0
2 0 10 159 0
4 0 10 159 0
4 1 10 159 0
3 1 10 159 0
3 0 10 159 0
6 18 6 159 0
6 0 6 159 0
7 18 6 159 0
7 0 6 159 0
5 18 6 159 0
5 0 6 159 0
4 18 6 159 0
4 0 6 159 0
9 18 6 159 0
9 0 6 159 0
8 18 6 159 0
8 0 6 159 0
29 0 6 159 0
30 9 6 159 0
30 1 6 159 0
30 0 6 159 0
31 9 6 159 0
31 1 6 159 0
31 0 6 159 0
31 18 6 159 0
28 0 6 159 0
27 0 6 159 0
3 18 6 159 0
3 0 6 159 0
2 18 6 159 0
2 0 6 159 0
0 0 6 159 0
1 18 6 159 0
1 0 6 159 0
0 18 6 159 0
18 0 6 159 0
19 0 6 159 0
17 0 6 159 0
18 18 6 159 0
20 0 6 159 0
21 0 6 159 0
15 0 6 159 0
14 0 6 159 0
16 0 6 159 0
26 0 6 159 0
25 0 6 159 0
22 0 6 159 0
23 0 6 159 0
24 0 6 159 0
10 18 6 159 0
10 0 6 159 0
11 18 6 159 0
11 0 6 159 0
12 0 6 159 0
13 0 6 159 0
13 18 6 159 0
28 18 6 159 0
27 18 6 159 0
25 18 6 159 0
26 18 6 159 0
24 18 6 159 0
14 0 7 159 0
13 0 7 159 0
15 0 7 159 0
9 0 7 159 0
10 0 7 159 0
8 0 7 159 0
7 0 7 159 0
12 0 7 159 0
11 0 7 159 0
19 0 7 159 0
18 0 7 159 0
20 0 7 159 0
21 0 7 159 0
16 0 7 159 0
17 0 7 159 0
27 0 7 159 0
26 0 7 159 0
25 0 7 159 0
29 0 7 159 0
28 0 7 159 0
22 0 7 159 0
23 0 7 159 0
24 0 7 159 0
3 0 7 159 0
4 0 7 159 0
2 0 7 159 0
1 0 7 159 0
6 0 7 159 0
5 0 7 159 0
30 9 7 159 0
30 1 7 159 0
30 0 7 159 0
31 9 7 159 0
31 1 7 159 0
31 0 7 159 0
0 18 7 159 0
0 0 7 159 0
14 18 6 159 0
15 18 6 159 0
16 18 6 159 0
17 18 6 159 0
22 18 6 159 0
21 18 6 159 0
20 18 6 159 0
23 18 6 159 0
29 0 14 159 0
31 9 14 159 0
31 1 14 159 0
31 0 14 159 0
31 11 14 159 0
31 12 14 159 0
30 9 14 159 0
30 1 14 159 0
30 0 14 159 0
28 0 14 159 0
28 1 14 159 0
28 9 14 159 0
27 0 14 159 0
27 9 14 159 0
27 1 14 159 0
7 1 14 159 0
7 0 14 159 0
8 0 14 159 0
8 1 14 159 0
9 1 14 159 0
9 0 14 159 0
5 0 14 159 0
5 1 14 159 0
6 1 14 159 0
6 0 14 159 0
11 0 14 159 0
10 1 14 159 0
10 0 14 159 0
12 0 14 159 0
0 0 14 159 0
0 18 14 159 0
1 0 14 159 0
3 1 14 159 0
4 0 14 159 0
4 1 14 159 0
3 0 14 159 0
2 0 14 159 0
13 0 14 159 0
13 1 14 159 0
13 18 14 159 0
14 17 14 159 0
14 1 14 159 0
14 0 14 159 0
14 18 14 159 0
13 17 14 159 0
17 17 14 159 0
17 1 14 159 0
17 0 14 159 0
16 0 14 159 0
16 17 14 159 0
16 1 14 159 0
17 18 14 159 0
15 17 14 159 0
15 1 14 159 0
15 0 14 159 0
23 9 14 159 0
23 1 14 159 0
23 0 14 159 0
24 0 14 159 0
24 1 14 159 0
24 9 14 159 0
22 9 14 159 0
22 1 14 159 0
22 0 14 159 0
26 0 14 159 0
26 9 14 159 0
26 1 14 159 0
25 0 14 159 0
25 9 14 159 0
25 1 14 159 0
18 9 14 159 0
19 0 14 159 0
18 17 14 159 0
18 10 14 159 0
18 0 14 159 0
18 18 14 159 0
21 9 14 159 0
21 1 14 159 0
21 0 14 159 0
20 9 14 159 0
20 1 14 159 0
20 0 14 159 0
22 1 13 159 0
22 9 13 159 0
23 9 13 159 0
23 1 13 159 0
22 0 13 159 0
23 0 13 159 0
21 0 13 159 0
21 1 13 159 0
21 9 13 159 0
25 9 13 159 0
25 1 13 159 0
25 0 13 159 0
26 0 13 159 0
26 1 13 159 0
26 9 13 159 0
24 9 13 159 0
24 1 13 159 0
24 0 13 159 0
18 0 13 159 0
18 17 13 159 0
18 9 13 159 0
18 18 13 159 0
19 0 13 159 0
17 18 13 159 0
17 1 13 159 0
17 0 13 159 0
17 17 13 159 0
20 0 13 159 0
20 1 13 159 0
20 9 13 159 0
29 0 13 159 0
30 9 13 159 0
30 1 13 159 0
30 0 13 159 0
31 1 13 159 0
31 0 13 159 0
31 9 13 159 0
27 9 13 159 0
28 9 13 159 0
27 1 13 159 0
28 1 13 159 0
27 0 13 159 0
28 0 13 159 0
0 0 13 159 0
0 18 13 159 0
31 12 13 159 0
3 0 13 159 0
3 1 13 159 0
2 0 13 159 0
4 1 13 159 0
4 0 13 159 0
1 0 13 159 0
13 18 13 159 0
13 1 13 159 0
13 0 13 159 0
14 17 13 159 0
14 1 13 159 0
14 0 13 159 0
12 0 13 159 0
11 0 13 159 0
16 0 13 159 0
16 17 13 159 0
16 1 13 159 0
15 0 13 159 0
15 17 13 159 0
15 1 13 159 0
14 18 13 159 0
6 1 13 159 0
6 0 13 159 0
7 0 13 159 0
7 1 13 159 0
8 1 13 159 0
8 0 13 159 0
5 1 13 159 0
5 0 13 159 0
10 1 13 159 0
10 0 13 159 0
9 1 13 159 0
9 0 13 159 0
31 11 13 159 0
30 9 11 159 0
30 1 11 159 0
30 0 11 159 0
29 0 11 159 0
31 11 11 159 0
31 12 11 159 0
31 9 11 159 0
31 1 11 159 0
31 0 11 159 0
0 0 11 159 0
28 9 11 159 0
28 1 11 159 0
28 0 11 159 0
9 1 11 159 0
9 0 11 159 0
10 0 11 159 0
10 1 11 159 0
7 1 11 159 0
7 0 11 159 0
8 0 11 159 0
8 1 11 159 0
12 0 11 159 0
13 18 11 159 0
13 0 11 159 0
13 1 11 159 0
13 17 11 159 0
11 0 11 159 0
2 0 11 159 0
1 0 11 159 0
3 0 11 159 0
3 1 11 159 0
0 18 11 159 0
5 0 11 159 0
5 1 11 159 0
6 1 11 159 0
6 0 11 159 0
4 0 11 159 0
4 1 11 159 0
15 1 11 159 0
15 0 11 159 0
15 17 11 159 0
14 17 11 159 0
14 1 11 159 0
14 0 11 159 0
16 17 11 159 0
16 0 11 159 0
16 1 11 159 0
14 18 11 159 0
18 0 11 159 0
18 18 11 159 0
18 17 11 159 0
17 18 11 159 0
17 1 11 159 0
17 0 11 159 0
18 9 11 159 0
17 17 11 159 0
24 0 11 159 0
24 1 11 159 0
24 9 11 159 0
25 9 11 159 0
25 1 11 159 0
25 0 11 159 0
23 0 11 159 0
23 9 11 159 0
23 1 11 159 0
27 9 11 159 0
27 1 11 159 0
27 0 11 159 0
26 9 11 159 0
26 1 11 159 0
26 0 11 159 0
19 0 11 159 0
20 0 11 159 0
20 9 11 159 0
20 1 11 159 0
22 9 11 159 0
22 1 11 159 0
22 0 11 159 0
21 9 11 159 0
21 1 11 159 0
21 0 11 159 0
26 1 12 159 0
26 9 12 159 0
26 0 12 159 0
27 9 12 159 0
27 1 12 159 0
27 0 12 159 0
25 0 12 159 0
25 1 12 159 0
25 9 12 159 0
29 0 12 159 0
28 9 12 159 0
28 1 12 159 0
28 0 12 159 0
21 9 12 159 0
21 1 12 159 0
21 0 12 159 0
22 0 12 159 0
22 1 12 159 0
22 9 12 159 0
20 9 12 159 0
20 1 12 159 0
20 0 12 159 0
24 0 12 159 0
24 9 12 159 0
24 1 12 159 0
23 9 12 159 0
23 1 12 159 0
23 0 12 159 0
31 12 12 159 0
31 9 12 159 0
31 1 12 159 0
31 0 12 159 0
0 0 12 159 0
30 9 12 159 0
30 1 12 159 0
30 0 12 159 0
2 0 12 159 0
1 0 12 159 0
3 1 12 159 0
3 0 12 159 0
0 18 12 159 0
5 1 12 159 0
5 0 12 159 0
4 1 12 159 0
4 0 12 159 0
6 0 12 159 0
6 1 12 159 0
8 0 12 159 0
8 1 12 159 0
9 1 12 159 0
9 0 12 159 0
10 0 12 159 0
10 1 12 159 0
7 0 12 159 0
7 1 12 159 0
17 18 12 159 0
17 1 12 159 0
17 0 12 159 0
17 17 12 159 0
18 17 12 159 0
18 0 12 159 0
18 18 12 159 0
16 17 12 159 0
16 1 12 159 0
16 0 12 159 0
15 17 12 159 0
15 1 12 159 0
15 0 12 159 0
19 0 12 159 0
18 9 12 159 0
12 0 12 159 0
11 0 12 159 0
13 0 12 159 0
13 17 12 159 0
13 1 12 159 0
14 1 12 159 0
14 0 12 159 0
14 17 12 159 0
13 18 12 159 0
14 18 12 159 0
31 11 12 159 0
1 4 22 159 0